1237078869427073024
1237078869536112641
1237078869712220161
1237078869187969024
1237078869657690112
1237078869804560385
1237078869821317125
1237078869896843271
1237078869879947264
1237078869905113088
1237078870106542080
1237078870068584448
1237078870114930689
1237078870286905351
1237078870580293632
1237078870370779141
1237078870685335555
1237078870651781121
1237078870534377477
1237078870911635456
1237078870920060928
1237078871020879873
1237078871125745665
1237078871360425989
1237078871318487041
1237078871608102913
1237078871582924801
1237078871599714304
1237078871641665536
1237078871796785158
1237078871968747520
1237078871939432450
1237078871796834305
1237078871960420354
1237078871977197568
1237078872086151168
1237078872367267842
1237078872325160960
1237078872534835200
1237078872186855424
1237078872589570048
1237078872899846144
1237078873138958337
1237078873009000448
1237078873403207680
1237078873566822402
1237078873650724868
1237078873638043650
1237078873919102977
1237078874007187457
1237078873998794752
1237078874095095808
1237078874300862465
1237078874506153987
1237078874619432960
1237078874896207872
1237078875076689921
1237078875177234432
1237078874934165504
1237078875420733441
