1203101243943637003
1203101244321148929
1203101244480356352
1203101244446986242
1203101244732002304
1203101244916666368
1203101245038301184
1203101245248065536
1203101245399093249
1203101245705261056
1203101245784961030
1203101245977833472
1203101246019788800
1203101246061723650
1203101246137282561
1203101246141403136
1203101246330228737
1203101246074146816
1203101246468440064
1203101246791585793
1203101246867025921
1203101246862823429
1203101247089369090
1203101247043178496
1203101247185833984
1203101247236190210
1203101247462498304
1203101247395381248
1203101247504625666
1203101247563292674
1203101247693377536
1203101247269675009
1203101247907102720
1203101247999483904
1203101248209260544
1203101248293163014
1203101248238628870
1203101248234217472
1203101248385208320
1203101248813240320
1203101248771084288
1203101248519639040
1203101248695627777
1203101249433931777
1203101249324797952
1203101249647894533
1203101249664692225
1203101249895305216
1203101250298011648
1203101250281263105
1203101250507726848
1203101250469842944
1203101250562203648
1203101250570670086
1203101250713243649
1203101250792960001
1203101251216523265
1203101250910392320
1203101251132510208
1203101251015192576
1203101251262668800
1203101251535327232
1203101251002654721
1203101252105723905
1203101251753455618
1203101252218843136
1203101252479078401
1203101252462292993
1203101252495691776
1203101252688711681
1203101251971485696
1203101252969750528
1203101253317861378
1203101253401595904
1203101253351432192
1203101253263351814
1203101253884108800
1203101253951205376
1203101254093885441
1203101254060085248
1203101254156722177
1203101254211309570
1203101254274224128
1203101254219489280
1203101254374842368
1203101254538407936
1203101254710439942
1203101254500659200
1203101255561883649
1203101256383942660
1203101256820183040
1203101256987881472
1203101257138872320
1203101257105207296
1203101257121951744
1203101257151307776
1203101257445105664
1203101257528950785
1203101257637888002
1203101257906343936
1203101257780662272
1203101258036453376
1203101258103611393
1203101258397163525
1203101258292187136
1203101258623569920
1203101258724380672
1203101258975981569
1203101258933927936
1203101259080896515
1203101258913132551
1203101259269640199
1203101259294752768
1203101259592589318
1203101259584221186
1203101259902922753
1203101260024410112
1203101260016164864
1203101260192157696
1203101260670328834
1203101260871819265
1203101261064589313
1203101261194842113
1203101261068931074
1203101261488365568
1203101261647765504
1203101261643554818
1203101261979115520
1203101261748244481
1203101261995925504
1203101262658637824
1203101262742532096
1203101262889144320
1203101262977232896
1203101262989811712
1203101263103172608
1203101263094853632
1203101263191269379
1203101263208046592
1203101263208030208
1203101263434592262
1203101263698771969
1203101263795236864
1203101264009150464
1203101264327954433
1203101264231485441
1203101264747417600
1203101264734752768
1203101264680079360
1203101264919310337
1203101265007448070
1203101265259044865
1203101265468776448
1203101265942720512
1203101266244706304
1203101266349580288
1203101266295033858
1203101266705973249
1203101267423354880
1203101267838603269
1203101268211691521
1203101268303966209
1203101268459360257
1203101268736118784
1203101268874534912
1203101269121998854
1203101269201735680
1203101268970881024
1203101269168214018
1203101269218316290
1203101269549867009
1203101269570838530
1203101269684039682
1203101269633556481
1203101269797359617
1203101269809881088
1203101270007005184
1203101270137036800
1203101269335924736
1203101270266892288
1203101270250270721
1203101270103379969
1203101270325813249
1203101270300667905
1203101270384553991
1203101270585810951
1203101270464253953
1203101270682132480
1203101270816546816
1203101270871101440
1203101270900215809
1203101270971535365
1203101270971756546
1203101271324012544
1203101271428943873
1203101271592488961
1203101271843954689
1203101271621853186
1203101271953223680
1203101272011870208
1203101272171274242
1203101272217272321
1203101272678600706
1203101272745873409
1203101272846544896
1203101273022590976
1203101273148547072
1203101273282605057
1203101273404399617
1203101273370836992
1203101273849040896
1203101273874141184
1203101273903566848
1203101274255904769
1203101273857372165
1203101275174424577
1203101275501580289
1203101275484672000
1203101275719553025
1203101275912577024
1203101275900063744
1203101276491468804
1203101276868874240
1203101276839567360
1203101277128773633
1203101277175070726
1203101277141577728
1203101277565136897
1203101277523234816
1203101277619675136
1203101277728710656
1203101277649096704
1203101277682569217
1203101278160732160
1203101278383071233
1203101278387216385
1203101278504660994
1203101278416490496
1203101278651473920
1203101278919938050
1203101278890426369
1203101278936555521
1203101279242743808
1203101279259701253
1203101279326748672
1203101279385477120
1203101279649751042
1203101279653904384
1203101279708438530
1203101279993487360
1203101280140513282
1203101280291315712
1203101280257925120
1203101280266326016
1203101280404738048
1203101280543150081
1203101280945803264
1203101281293938689
1203101281515999234
1203101281717489664
1203101281771872256
1203101281780404225
1203101282019561472
1203101282208296960
1203101282451542016
1203101282501906432
1203101282782896128
1203101282833186818
1203101282858393602
1203101282451374080
1203101283017621504
1203101283089080320
1203101283374292992
1203101283428769799
1203101283621564416
1203101283894382592
1203101284133429250
1203101284443852800
1203101284427018240
1203101284355604486
1203101284477239297
1203101284661903361
1203101284825305088
1203101285165068290
1203101285253287942
1203101285781770240
1203101285895024646
1203101286054400001
1203101286398398465
1203101286507458561
1203101286792671233
1203101286842978305
1203101286931013634
1203101287178481664
1203101287060914176
1203101287342059520
1203101287375679489
1203101287509835776
1203101287610507264
1203101287509823493
1203101287690063873
1203101287925141504
1203101287966855170
1203101288214466560
1203101288315133953
1203101288063483904
1203101288629702656
1203101288730386432
1203101289225302016
1203101289443409922
1203101289288228866
1203101289363718147
1203101289506312193
1203101289498005506
1203101289292255233
1203101289640538112
1203101289976147969
1203101289879658496
1203101290080788480
1203101290349449216
1203101290374606859
1203101290601107457
1203101290907275264
1203101291033047041
1203101291053891584
1203101291226058753
1203101291326492672
1203101291322449920
1203101291422969856
1203101291477688323
1203101291494461440
1203101291544662018
1203101291892936705
1203101291943100417
1203101292392001541
1203101292433989634
1203101292488527878
1203101292459106304
1203101292542877696
1203101292635336704
1203101292601597952
1203101292559777794
1203101292589207554
1203101292672905221
1203101292920479744
1203101293188984832
1203101293356756992
1203101293784567808
1203101293922918400
1203101294044385280
1203101294153666560
1203101294396923905
1203101294866632704
1203101294740815872
1203101294895886336
1203101294887624704
1203101295327858688
1203101295466422272
1203101295546183687
1203101295978131456
1203101296015945728
1203101296254951431
1203101296351252480
1203101296506466304
1203101296812793856
1203101297295134720
1203101297408454657
1203101297357910016
1203101297416658944
1203101297773121536
1203101297940914176
1203101297135632384
1203101298146430976
1203101298301820928
1203101298444263424
1203101298658304000
1203101298767339520
1203101299023237120
1203101299031433217
1203101299123933184
1203101299337654272
1203101299501391872
1203101299589308416
1203101299706912769
1203101299794989056
1203101299765661696
1203101300189093888
1203101300545732609
1203101300554108928
1203101300663181312
1203101300923219968
1203101300818268160
1203101301078446081
1203101300910481410
1203101301229395968
1203101301191536642
1203101301481132034
1203101301665665027
1203101301669650432
1203101301770469377
1203101301690814465
1203101301824872448
1203101301799890945
1203101301954899969
1203101302118596610
1203101302324154378
1203101302395461637
1203101302370250752
1203101302349324288
1203101302412238849
1203101302521237504
1203101302546321409
1203101302663909377
1203101302533869569
1203101302806458369
1203101302885998597
1203101303024562176
1203101303213346816
1203101303192162304
1203101300990201856
1203101303527919617
1203101303469068288
1203101303662092290
1203101303993487363
1203101304383508481
1203101304534511618
1203101304886898689
1203101305407000577
1203101305411166209
1203101305436139520
1203101305545383937
1203101305910116352
1203101305918697472
1203101306082205702
1203101301640445952
1203101303586594818
1203101297551040515
1203101305742462977
1203101306656739328
1203101303821484032
1203101305201410050
1203101307260698624
1203101307361472512
1203101307533504517
1203101307684478976
1203101307806064640
1203101308145819648
1203101308196196352
1203101308368015361
1203101308452057088
1203101308531675136
1203101308435271686
1203101308582027266
1203101307952943104
1203101308674355204
1203101307952721920
1203101308783333382
1203101308162457600
1203101308951126017
1203101308951171073
1203101308976160768
1203101309290856455
1203101309345390597
1203101309479591937
1203101309592842240
1203101309886500864
1203101309940969472
1203101309911601153
1203101306572832768
1203101307248115712
1203101310121369600
1203101310779711488
1203101310981009408
1203101311597592576
1203101311648116736
1203101311677255680
1203101311929135104
1203101308472963077
1203101312046391296
1203101312352698368
1203101312252035072
1203101312424038402
1203101312121896960
1203101312377704449
1203101312918917120
1203101313074126853
1203101313032024064
1203101313187405825
1203101313036218368
1203101313288024066
1203101313816551424
1203101314168717312
1203101314517028866
1203101314407895047
1203101314735063041
1203101314777042945
1203101314970013697
1203101315712217088
1203101315813068802
1203101315871780864
1203101315934502917
1203101315947278336
1203101316257648640
1203101316123365377
1203101316395847680
1203101316517519360
1203101316538654722
1203101315796230152
1203101316823814144
1203101316865593344
1203101316685262848
1203101317339598848
1203101317360582657
1203101317520134144
1203101317830447104
1203101318040244224
1203101318178574337
1203101318044368896
1203101318048632834
1203101318405074944
1203101318849671168
1203101319399182336
1203101319613108224
1203101319784890369
1203101319877320710
1203101320237989889
1203101320355418114
1203101320040919042
1203101320456085505
1203101320573571072
1203101320544047104
1203101319642468353
1203101320233639936
1203101320653217793
1203101320468520960
1203101321123057664
1203101321433214976
1203101321634746368
1203101321454333952
1203101322016366594
1203101322549112832
1203101322691645440
1203101322972672001
1203101322947547137
1203101323018854401
1203101322863685632
1203101323387953152
1203101323622637568
1203101323811532801
1203101323723280384
1203101323861921793
1203101324025487360
1203101324059009024
1203101324050604032
1203101324348399617
1203101324243542016
1203101324415557635
1203101324448944128
1203101324771917824
1203101324767744000
1203101325048729600
1203101325262807040
1203101325279543298
1203101325560598528
1203101325547855872
1203101325896114176
1203101326202359808
1203101326177132545
1203101326185418752
1203101326781112321
1203101326344773632
1203101326827237379
1203101327045218305
1203101327053615104
1203101327259246595
1203101327292649473
1203101327322210304
1203101327296991234
1203101327162773505
1203101327607443456
1203101327749988353
1203101327745835014
1203101327821287424
1203101327993245696
1203101327913619457
1203101328148353024
1203101328781848582
1203101328987369473
1203101328961982464
1203101329406746624
1203101329939456000
1203101330149199873
1203101329771487232
1203101330140581888
1203101330316890113
1203101330388242432
1203101330274955264
1203101330488864769
1203101330769895424
1203101331097112578
1203101331143020544
1203101331139047424
1203101331076108289
1203101331277434882
1203101331445223424
1203101331638095873
1203101331579269121
1203101332107911168
1203101332565086208
1203101332560916481
1203101332938223617
1203101333122891777
1203101333366161411
1203101333399707650
1203101333680787456
1203101333827596288
1203101334020321281
1203101334351699968
1203101334393819136
1203101334381170688
1203101334758666240
1203101334758731777
1203101334930542592
1203101334737698817
1203101335115194368
1203101335178108928
1203101335438024704
1203101335811309568
1203101336201383936
1203101336251748352
1203101336721645569
1203101336658538496
1203101337195614208
1203101337853906945
1203101337954783233
1203101338047004673
1203101338164445185
1203101338319634432
1203101338462121985
1203101338646663170
1203101338906742784
1203101339187916800
1203101339921682432
1203101340077039623
1203101339984764935
1203101340286758912
1203101340475412480
1203101340634927104
1203101340530024448
1203101340815314944
1203101341142462467
1203101341532471296
1203101341171601408
1203101341469552641
1203101341721276416
1203101341729595392
1203101342216138752
1203101342950051840
1203101343021457408
1203101343340216321
1203101343277297664
1203101343398776832
1203101343646470145
1203101343646285824
1203101343822434306
1203101343822598144
1203101343889707010
1203101340211134464
1203101343986147328
1203101344413945856
1203101344623726597
1203101344514490368
1203101344736927744
1203101344699166721
1203101344757882880
1203101344648712193
1203101344728375296
1203101344900558848
1203101344997027842
1203101345164791814
1203101345110282240
1203101345252888576
1203101345290555393
1203101345424826368
1203101345374515200
1203101345424654337
1203101345508540417
1203101345672249345
1203101345647083520
1203101345718267905
1203101346028605440
1203101346225897474
1203101346263715841
1203101346314039297
1203101345919782912
1203101346473402370
1203101346687266818
1203101346792128513
1203101346766954496
1203101347442315271
1203101347689590784
1203101347635175425
1203101348201451520
1203101348151119872
1203101348562116618
1203101348582920194
1203101348969025536
1203101348490706944
1203101349480554497
1203101349707239426
1203101349786853376
1203101349849837568
1203101349828812801
1203101349975658496
1203101350055333888
1203101349967208448
1203101350193762304
1203101350432653312
1203101350629978112
1203101350806147073
1203101350843863041
1203101350881415168
1203101351288328192
1203101351519150085
1203101351556734976
1203101351401668608
1203101351120646149
1203101351766614017
1203101351548461057
1203101351825334273
1203101352131321856
1203101352399966209
1203101352357961728
1203101352311681026
1203101353163272192
1203101353322696704
1203101353347833856
1203101353603678208
1203101353842741249
1203101353981157376
1203101354002190336
1203101354119618560
1203101354136342528
1203101354111197185
1203101354526461952
1203101354681683968
1203101354530619393
1203101355079917569
1203101355164020738
1203101355163959297
1203101355654733825
1203101355608543233
1203101355797368832
1203101355855888386
1203101355973451776
1203101355923124225
1203101356120297472
1203101356212604929
1203101356506042368
1203101356715859971
1203101356753596416
1203101357026271232
1203101357407948800
1203101357797859328
1203101358062108673
1203101358112591877
1203101358175522816
1203101358158700555
1203101358330667010
1203101358385061888
1203101359035289600
1203101359295340544
1203101359442018304
1203101359484133376
1203101359471579136
1203101359618318346
1203101359291162624
1203101359639318528
1203101359618347014
1203101360109035520
1203101360201379842
1203101360285200384
1203101360335577088
1203101360457039872
1203101360557715457
1203101360536768512
1203101360540897280
1203101360679460864
1203101360633372673
1203101360738074624
1203101361447063552
1203101361694527493
1203101361862270976
1203101361895825408
1203101362038476806
1203101362038411264
1203101362193649672
1203101362336210944
1203101362407591936
1203101362524848128
1203101362705158144
1203101362973794304
1203101363032465408
1203101362302550016
1203101363502272512
1203101363657420800
1203101364102057984
1203101364164935682
1203101364181553152
1203101364487950336
1203101364047556609
1203101364785561601
1203101364995284994
1203101364852862977
1203101365070913537
1203101365100257280
1203101364534104064
1203101365423218688
1203101365385478147
1203101365733675008
1203101365834256384
1203101365754617856
1203101366031441920
1203101366274740224
1203101366257963008
1203101366287290368
1203101366379536390
1203101366471802880
1203101366672953345
1203101366660608008
1203101366920593409
1203101366924668928
1203101367021256704
1203101367407132673
1203101367570579457
1203101367558135809
1203101367537217539
1203101367826563072
1203101367860109313
1203101368287944704
1203101368560558083
1203101368648634368
1203101368694824961
1203101368845787136
1203101368283779072
1203101368984260610
1203101369152016384
1203101369395302405
1203101369537892356
1203101368896102400
1203101369680330752
1203101369802088448
1203101369877639173
1203101370099720193
1203101370213158915
1203101370250911745
1203101370364157955
1203101370762452992
1203101371030999041
1203101371110756357
1203101371085422592
1203101371299291137
1203101371253370885
1203101371563687937
1203101371697893376
1203101371840335877
1203101371848769536
1203101371874062337
1203101371899072512
1203101372046041088
1203101372062806023
1203101372230582272
1203101372343836672
1203101372654215168
1203101373031735297
1203101372901679104
1203101373237063681
1203101373308506112
1203101373304393729
1203101373572829184
1203101373539192832
1203101373639921664
1203101373933375494
1203101374092861444
1203101374277472262
1203101374436827136
1203101374675730433
1203101374663270400
1203101374818504706
1203101374969450496
1203101375065808897
1203101375057530882
1203101375372103680
1203101375573327872
1203101375854469121
1203101376286470145
1203101376588517376
1203101376550715392
1203101376626085890
1203101376831770624
1203101376894640128
1203101377003741184
1203101377028919297
1203101377079103488
1203101377485922305
1203101377632841728
1203101378010320901
1203101378564022272
1203101378886995968
1203101378870071296
1203101379096711168
1203101379545436160
1203101379532873729
1203101379683700736
1203101379750965248
1203101379784523776
1203101379805556737
1203101379834863616
1203101379826307072
1203101380073926661
1203101379969060865
1203101380334030849
1203101380262547457
1203101380321382400
1203101380820508672
1203101380941975553
1203101381139324928
1203101381130932226
1203101381424345088
1203101381495791621
1203101381890101248
1203101381936238592
1203101381432877056
1203101382263353344
1203101382296784897
1203101382393376768
1203101382464724992
1203101382523248640
1203101382749949952
1203101382821208064
1203101382879911936
1203101381877518337
1203101382976376833
1203101383081070592
1203101383659900928
1203101383769112576
1203101383932559360
1203101384184418308
1203101384205328389
1203101384289214464
1203101384222003202
1203101384821923841
1203101384943570945
1203101385094553600
1203101385182580737
1203101385203625985
1203101385388113923
1203101385488601089
1203101385484652546
1203101385694167043
1203101385841106952
1203101385857748992
1203101386411372545
1203101386541608960
1203101386663243777
1203101387044917248
1203101387036536832
1203101387040518144
1203101387124609024
1203101387493724160
1203101387678027777
1203101387699236864
1203101388131184640
1203101388290568192
1203101388298846208
1203101387464200192
1203101388374466560
1203101388915523585
1203101388974231552
1203101388995207168
1203101389246865408
1203101389158830081
1203101389561319425
1203101389544517632
1203101389498531840
1203101389745995777
1203101389775409152
1203101389855035393
1203101389863280640
1203101390240985088
1203101390530199552
1203101390546948097
1203101390664454144
1203101390597427200
1203101390807224322
1203101390878498816
1203101390815539200
1203101390899499013
1203101391008550913
1203101391285313536
1203101391285301253
1203101391507644416
1203101391436185600
1203101391679623170
1203101391595532289
1203101391855718402
1203101392258269189
1203101392254251008
1203101392291782656
1203101392354848769
1203101392325341184
1203101392333750273
1203101392761581569
1203101392870576128
1203101392920928257
1203101393197895685
1203101393080537094
1203101393122451457
1203101393457831936
1203101393667731456
1203101393885659137
1203101394108063744
1203101394389127174
1203101394435215361
1203101394678558720
1203101394754031616
1203101394946985989
1203101394858733570
1203101395328606208
1203101395408347139
1203101395555106818
1203101395638833154
1203101396041687041
1203101396171677696
1203101396381380608
1203101396523876352
1203101396645695490
1203101396758867969
1203101396796493825
1203101397283229696
1203101397476159489
1203101397799129089
1203101397769547776
1203101397773717504
1203101398042337280
1203101396809199622
1203101398176546816
1203101398679769089
1203101398696525824
1203101399111868421
1203101399254470656
1203101399199944704
1203101399363522560
1203101398562418689
1203101399732686849
1203101399543943169
1203101399485050880
1203101400223408129
1203101400521162752
1203101400626089985
1203101400194015237
1203101400764338177
1203101400760229888
1203101400739172353
1203101400839991303
1203101400898658304
1203101401515220993
1203101401603330054
1203101401498427394
1203101401594785792
1203101401666248710
1203101401892753409
1203101402089828352
1203101402144366599
1203101402278572032
1203101402425200640
1203101402584797184
1203101402647683072
1203101402827911169
1203101403142643718
1203101403583041536
1203101403788587013
1203101404010885121
1203101404061216768
1203101404207943684
1203101404207861760
1203101404249886727
1203101404237189120
1203101404321198081
1203101404316999680
1203101404581244931
1203101404916678657
1203101405059248130
1203101405663375360
1203101405994569729
1203101406112223232
1203101406233874433
1203101406560952320
1203101406871326720
1203101406980427777
1203101407068524545
1203101406993027072
1203101407160745986
1203101407181778944
1203101407672459264
1203101407634583552
1203101407940882433
1203101408024645632
1203101408419037184
1203101408612016129
1203101408595103745
1203101408779784193
1203101408808931328
1203101409065000960
1203101409111134209
1203101409379524608
1203101409199169537
1203101409190694912
1203101409475989509
1203101409706725376
1203101410126024704
1203101410360881152
1203101410461503488
1203101410474242053
1203101410629308417
1203101410646282242
1203101411002789888
1203101411103387651
1203101411245998085
1203101410545393664
1203101411434590208
1203101412110086144
1203101412625801216
1203101412478947329
1203101412600819714
1203101412890173443
1203101412969910277
1203101412391038976
1203101413699706886
1203101413787627520
1203101413754245120
1203101413833789441
1203101413909442565
1203101414379028480
1203101414882459649
1203101414802837504
1203101414987386881
1203101414974619648
1203101414895083522
1203101415205416960
1203101415104811009
1203101415280914436
1203101415587098624
1203101415503278081
1203101415641681921
1203101416077709312
1203101416304324608
1203101416593772544
1203101416665108481
1203101416610385920
1203101416975425536
1203101416899989505
1203101417138987008
1203101417168343042
1203101417273266176
1203101417235501056
1203101417227128832
1203101417579384833
1203101417583661056
1203101417654956032
1203101417835311105
1203101417998897153
1203101418284077057
1203101418443304960
1203101418439053312
1203101418539888640
1203101418548154368
1203101418883817474
1203101419047284737
1203101419273801728
1203101419261190144
1203101419622010886
1203101419617828865
1203101419940663296
1203101420142116864
1203101419999571969
1203101420246962181
1203101420242833410
1203101420322471937
1203101420351700992
1203101420276371456
1203101420360093698
1203101419256963073
1203101420678987777
1203101421396201472
1203101421597548545
1203101421719183361
1203101421786189829
1203101421727604743
1203101421882658816
1203101422138675201
1203101422243368967
1203101422226685952
1203101422398705664
1203101423111753728
1203101423128338432
1203101423262674945
1203101423472435206
1203101423661019137
1203101423698878470
1203101423937970178
1203101424017649670
1203101424516775937
1203101423837179904
1203101424596508674
1203101424818753537
1203101424801996801
1203101424755888128
1203101424957173760
1203101425078693888
1203101425179512834
1203101425271750656
1203101425162539008
1203101425175318533
1203101425732968450
1203101425842216962
1203101426148421633
1203101426232254464
1203101426408443904
1203101426605547520
1203101426643329025
1203101426676838400
1203101426882416640
1203101426890752000
1203101427058524160
1203101427188424704
1203101427251503105
1203101427385679872
1203101427536674816
1203101426639155200
1203101427540877313
1203101428174082049
1203101428564160513
1203101428622848000
1203101428778258435
1203101427628830720
1203101428958584832
1203101429038243841
1203101429017149445
1203101429075980288
1203101429260374020
1203101429474451462
1203101429352861696
1203101429608660993
1203101429742931968
1203101429801660417
1203101429847728128
1203101429990379520
1203101430258769920
1203101430267174912
1203101430304923650
1203101430518861826
1203101430627725312
1203101430762094593
1203101431017852929
1203101431387086849
1203101431416442880
1203101431420608513
1203101431588364288
1203101431554809856
1203101431453999105
1203101431806320640
1203101432444063745
1203101432427114496
1203101432716677121
1203101432741867527
1203101432876019712
1203101432917966850
1203101433027014656
1203101433333190656
1203101433517744128
1203101433479995395
1203101433685577729
1203101433891053568
1203101434033647616
1203101433987551233
1203101434188902400
1203101434188836870
1203101434453082113
1203101434461351936
1203101434759262208
1203101434746724353
1203101434859991041
1203101435010965504
1203101435224887301
1203101435656732672
1203101435878969344
1203101436327817216
1203101436504166400
1203101436437049344
1203101436705271809
1203101436814323713
1203101436948516864
1203101437040848896
1203101437464633344
1203101437544321024
1203101437837955072
1203101437795827713
1203101437871501318
1203101438445928448
1203101438651576320
1203101438651633665
1203101438403989504
1203101439079395328
1203101439360487424
1203101439331057665
1203101439503085568
1203101439544967168
1203101439586734081
1203101439582715906
1203101439830048768
1203101440169914370
1203101440165715969
1203101440270643201
1203101440765550592
1203101440702664709
1203101440773951488
1203101441050775552
1203101441210167297
1203101441159811072
1203101441235148801
1203101441520492547
1203101441671471105
1203101441625403395
1203101441587417088
1203101441998622721
1203101440958447617
1203101442468388864
1203101442619273216
1203101442560679942
1203101442770427905
1203101442887651328
1203101442955005952
1203101443147935744
1203101443240202240
1203101443458138117
1203101443454111744
1203101443584143360
1203101443638599681
1203101443730890755
1203101443839774721
1203101444175519744
1203101444137730048
1203101444301377536
1203101444519473156
1203101444624277505
1203101444620111872
1203101444670402560
1203101444594786304
1203101444716580864
1203101444733321223
1203101444871770112
1203101445236690945
1203101445328965639
1203101445387694086
1203101445349756928
1203101445563834369
1203101445731561478
1203101445702193153
1203101446008233984
1203101446121480193
1203101446155227137
1203101446394335232
1203101446410924032
1203101446666932225
1203101446733852673
1203101446704652288
1203101445945544707
1203101446775939072
1203101447035985921
1203101446402523136
1203101447170052096
1203101447325454337
1203101447232995328
1203101447270719491
1203101448030035968
1203101448478896128
1203101448625643520
1203101448579485698
1203101448776699904
1203101448801619974
1203101449275621376
1203101449288183809
1203101449279987712
1203101449758105600
1203101449951031296
1203101449774911488
1203101449934311425
1203101449325957120
1203101450253066246
1203101450219470849
1203101450609594368
1203101450882166784
1203101450877968384
1203101451012235269
1203101451171463168
1203101451490398211
1203101451532275712
1203101451922345987
1203101451939123200
1203101451704123392
1203101452085923847
1203101452308242433
1203101452232744960
1203101452304101379
1203101452513751042
1203101452648013826
1203101452828327937
1203101452950032384
1203101453088411649
1203101453507796993
1203101453847552001
1203101453956583424
1203101453788811269
1203101453956632576
1203101453948248070
1203101454174736384
1203101454212489216
1203101454514434048
1203101454548062213
1203101454497505282
1203101454740922369
1203101454686285824
1203101455294586880
1203101455714009089
1203101455462387712
1203101456024440832
1203101456162852866
1203101456250875906
1203101456292831232
1203101456368226304
1203101456548745217
1203101456569532416
1203101456661913600
1203101456980557825
1203101457060376578
1203101457261760512
1203101457207189505
1203101457207025664
1203101457488187399
1203101457664413701
1203101458117185537
1203101458163552260
1203101458184445954
1203101458255826944
1203101457567735808
1203101458599727106
1203101459123847168
1203101459107045377
1203101459308412928
1203101459019173888
1203101459203710977
1203101458918494208
1203101459728019456
1203101459698593792
1203101459895791617
1203101459866439681
1203101460197560320
1203101460642385925
1203101460654895105
1203101461091176448
1203101461137235968
1203101461598670849
1203101461892280323
1203101462429126656
1203101462391332866
1203101462466838528
1203101462496194561
1203101462349275136
1203101462626275328
1203101462810640384
1203101462953201664
1203101462894538752
1203101462802423814
1203101463255375879
1203101463548964865
1203101463649456128
1203101463683182593
1203101463641305089
1203101463997812736
1203101464119394304
1203101464383635456
1203101464563875845
1203101464958255104
1203101465151234049
1203101465243463682
1203101465771827200
1203101465646112769
1203101466417934336
1203101466673762307
1203101466816323585
1203101467302858753
1203101467441270789
1203101467403595778
1203101467558760448
1203101468124954624
1203101468213022722
1203101468128989185
1203101467520970752
1203101468619935751
1203101468741390336
1203101468959608838
1203101468900724737
1203101469018341376
1203101469102219264
1203101469320323072
1203101469328601089
1203101469789974528
1203101469819523074
1203101469831876608
1203101470087929856
1203101470259855366
1203101471081979904
1203101471044259842
1203101471149039617
1203101471379742720
1203101471786618880
1203101471857872896
1203101472046620672
1203101472210202625
1203101472453537800
1203101472495456256
1203101472545656832
1203101472692539392
1203101472684199936
1203101472587685888
1203101473405652994
1203101473304764416
1203101473552257024
1203101473531465728
1203101473514459136
1203101473912967168
1203101474223509505
1203101474055569408
1203101474546315264
1203101474722631680
1203101474860892161
1203101474810667008
1203101475074801665
1203101475179814912
1203101475116744706
1203101474538115072
1203101475355996161
1203101475729100800
1203101475351801856
1203101475984920576
1203101476341657600
1203101476865892352
1203101476043792384
1203101477067210752
1203101477243412480
1203101477423611904
1203101477461356544
1203101477528571905
1203101477432000513
1203101477851537413
1203101477876764673
1203101477847347202
1203101478040281091
1203101478061142017
1203101478220644353
1203101478413635584
1203101477411028992
1203101478698676229
1203101478866620418
1203101479206178816
1203101479218950144
1203101479327977478
1203101479671914498
1203101479747424258
1203101479814328320
1203101479780917251
1203101479923601408
1203101480045174787
1203101480577912832
1203101480653340672
1203101480942747649
1203101481148116992
1203101481252966400
1203101481420935169
1203101481450328065
1203101481617879040
1203101481781596162
1203101481857105921
1203101481907499013
1203101482125529088
1203101482167369730
1203101482238660609
1203101482385657857
1203101482691760138
1203101482989563904
1203101483044093953
1203101483442622464
1203101483442589697
1203101483471757312
1203101483585159171
1203101483576823809
1203101483455135745
1203101483606167552
1203101483475988481
1203101484411478016
1203101484541452289
1203101484335816704
1203101484600250374
1203101485011292160
1203101485107732480
1203101484918988803
1203101485283860486
1203101485359255553
1203101485460000768
1203101485548146688
1203101485921394689
1203101485908652032
1203101486730924032
1203101486919516161
1203101486898720768
1203101487292923905
1203101487326519296
1203101487372677123
1203101487578124289
1203101487766876160
1203101488106688519
1203101488106614784
1203101488089714688
1203101488194736128
1203101488140165126
1203101488291221504
1203101488568061952
1203101488634941440
1203101488777744384
1203101488815525888
1203101488815497218
1203101488958115840
1203101489008402433
1203101488920219648
1203101489243275265
1203101489276706818
1203101489301983233
1203101489310265344
1203101489465581569
1203101489813700608
1203101489633337345
1203101489784225792
1203101490161868802
1203101490912649217
1203101490849574912
1203101491805986823
1203101491759697923
1203101491994779648
1203101492246458368
1203101492644864005
1203101492577742848
1203101492779126785
1203101492879806464
1203101493018157056
1203101493102088194
1203101493487919111
1203101492590170112
1203101493601030144
1203101494255476742
1203101494272237568
1203101495337639937
1203101495228452864
1203101495559741440
1203101496176500738
1203101496302325760
1203101496763731969
1203101496906276865
1203101496948092928
1203101497103409157
1203101497275437057
1203101497468313601
1203101497413779457
1203101497698992128
1203101497677926401
1203101497883537417
1203101497816272896
1203101497870798848
1203101498105839617
1203101498529533953
1203101498680451072
1203101498747412480
1203101498860814337
1203101499250761728
1203101499280306179
1203101499489959937
1203101499414515712
1203101499569704960
1203101499754045440
1203101499909382144
1203101499892654080
1203101500072873984
1203101500446269440
1203101500538523649
1203101500907704320
1203101501016682496
1203101500949417986
1203101501020921861
1203101501364690944
1203101500580470784
1203101501473853440
1203101501331136512
1203101501893349377
1203101501788307456
1203101502216249345
1203101502254014465
1203101502522437632
1203101502744735744
1203101502971301888
1203101503030005760
1203101503092854786
1203101502937554944
1203101503306653696
1203101503361302528
1203101503340331008
1203101503382142976
1203101503541657605
1203101503755567104
1203101503667392513
1203101503826907136
1203101503705112577
1203101503990321153
1203101503982047234
1203101504237785088
1203101504309284865
1203101504304865280
1203101504472784896
1203101504510418945
1203101504678313985
1203101504917385216
1203101505072586753
1203101505223643136
1203101505815023617
1203101505873752065
1203101505806569475
1203101506020478976
1203101505764515840
1203101506448347136
1203101506318274560
1203101506783862784
1203101507119267841
1203101506184056832
1203101507391877120
1203101507232641024
1203101508176363520
1203101508172156928
1203101508545449984
1203101508939796487
1203101509170401281
1203101509157867521
1203101509296238592
1203101509476638720
1203101509640175618
1203101509677985792
1203101509887639552
1203101509891821570
1203101510386814976
1203101510395203585
1203101510449524736
1203101510768484352
1203101510231625728
1203101511192121344
1203101511296925699
1203101511364030464
1203101511447961600
1203101511661711361
1203101511783460865
1203101511753945088
1203101511980597248
1203101511410159616
1203101512358092800
1203101512366473216
1203101512441794561
1203101512588779520
1203101512597221377
1203101512689274880
1203101512768995328
1203101512932552705
1203101512924303366
1203101512874045440
1203101513012219905
1203101513146621952
1203101513398116352
1203101513486413824
1203101513909972993
1203101513880494080
1203101513956122624
1203101514086133763
1203101514010636288
1203101514232782848
1203101514799206401
1203101514975322112
1203101515214467074
1203101515222675456
1203101515126231040
1203101515134705664
1203101515700998145
1203101515830816768
1203101516149805057
1203101516233490432
1203101516384489472
1203101516397076480
1203101516589961216
1203101516682481664
1203101516883607552
1203101517193994240
1203101516946640901
1203101517408022528
1203101517865267201
1203101517953327109
1203101517902954496
1203101517982494721
1203101518062374912
1203101518158802945
1203101518376964096
1203101518444056581
1203101518444019712
1203101518561460224
1203101518490042373
1203101518808797184
1203101518951567360
1203101519014285312
1203101519282880512
1203101519261962241
1203101519744102400
1203101520067256321
1203101520117583872
1203101520486715392
1203101520608120833
1203101520973221896
1203101521149231105
1203101520901922817
1203101521459568640
1203101521463955457
1203101521572978688
1203101521552007168
1203101521207889920
1203101522437005318
1203101522596380672
1203101522793508870
1203101522378276866
1203101523254956033
1203101523338833920
1203101523334459392
1203101523477065728
1203101523477176321
1203101523577888768
1203101523615596544
1203101523644997632
1203101523867250699
1203101523913379840
1203101524022513666
1203101524060262400
1203101524253192193
1203101524357984259
1203101524613664768
1203101524697612289
1203101525117165573
1203101525222084609
1203101526199111680
1203101526501273601
1203101526505533441
1203101526107009026
1203101526958362624
1203101527088549888
1203101526115454978
1203101527587483648
1203101527474196481
1203101528048984072
1203101527922970624
1203101528027881473
1203101528199962625
1203101528208203777
1203101528447426561
1203101528359202817
1203101528539746304
1203101528606703616
1203101528472592384
1203101528900419585
1203101529051406336
1203101529013727235
1203101529424715777
1203101529474920448
1203101529638678528
1203101529546223617
1203101529634271232
1203101530309701632
1203101530561433601
1203101530704023557
1203101531014340608
1203101531467329540
1203101531496730629
1203101531479916544
1203101531521744896
1203101531630735361
1203101531836420096
1203101531702222849
1203101531853217793
1203101531882557443
1203101532083892224
1203101532121698304
1203101532272631810
1203101531987435522
1203101532402548737
1203101532109058051
1203101532763242496
1203101532700528640
1203101532771753984
1203101532847132673
1203101533115703296
1203101533186822144
1203101533736505344
1203101533686112263
1203101533753298944
1203101533858082817
1203101534063431681
1203101534105456640
1203101534134980608
1203101534734749698
1203101533962932225
1203101535032528896
1203101535162384384
1203101535749718016
1203101535917543425
1203101536085331968
1203101536240275456
1203101536278081536
1203101535208689665
1203101536567648256
1203101536026529794
1203101536689111040
1203101537037422596
1203101537133838336
1203101537226182664
1203101537280675840
1203101537561657344
1203101537788157957
1203101537943330822
1203101537939181568
1203101538035499009
1203101538039869440
1203101538320867329
1203101538383810560
1203101538425753600
1203101538505199616
1203101538568359936
1203101539415531522
1203101539427995649
1203101539491106816
1203101539902115841
1203101540069859329
1203101540233416706
1203101540157919232
1203101540325691392
1203101540682289157
1203101540745039872
1203101541147627520
1203101541126852610
1203101541395292161
1203101541433040897
1203101541550510081
1203101541726601217
1203101541751652352
1203101541881827329
1203101542020243458
1203101541978251265
1203101542196400128
1203101542091567104
1203101542200426497
1203101542351613952
1203101542460596224
1203101542422896641
1203101542452224005
1203101542405926912
1203101542682943488
1203101542750048256
1203101542728884225
1203101543085555713
1203101543479644160
1203101543521824768
1203101543559352321
1203101543807037441
1203101543819431937
1203101544230637569
1203101544272584704
1203101544457154560
1203101544545161216
1203101544473862145
1203101544549236736
1203101545128235009
1203101545266647041
1203101545232945152
1203101545476149248
1203101545421660166
1203101545732198400
1203101545698615296
1203101546206187520
1203101546394861568
1203101546520690688
1203101546629779457
1203101546789195776
1203101546801770496
1203101546466160642
1203101547258888192
1203101547342766080
1203101547430842369
1203101547409879041
1203101547564957696
1203101547867103238
1203101548265558016
1203101548269723649
1203101548613636096
1203101548676599809
1203101548613533696
1203101548919869440
1203101549100072960
1203101549309902848
1203101549632704512
1203101549880324096
1203101549657907200
1203101549750304769
1203101550018736128
1203101550069067776
1203101550253527041
1203101550467538945
1203101550773776385
1203101551113293824
1203101551532892161
1203101551725703169
1203101551952310273
1203101551583055872
1203101551792930816
1203101552120139776
1203101552308867072
1203101552237527040
1203101552308830208
1203101552384380928
1203101552350810114
1203101552421961728
1203101552707280898
1203101552493375489
1203101553051258881
1203101553281904640
1203101553344860163
1203101553781092355
1203101553890144256
1203101553734901760
1203101554074624000
1203101554170945537
1203101553260924929
1203101553885876231
1203101554603106312
1203101554623926272
1203101554825412609
1203101554754170880
1203101555177730049
1203101555215474689
1203101555307753473
1203101555500539904
1203101555576254470
1203101555592855553
1203101555211276289
1203101556083712001
1203101556155068416
1203101556242927617
1203101556331208704
1203101556587057152
1203101556716916736
1203101557262311430
1203101557337862151
1203101553831403520
1203101555311796230
1203101557371199488
1203101557597724672
1203101557438459904
1203101558029869065
1203101558080253958
1203101558151565313
1203101558478688256
1203101558529052679
1203101558814183425
1203101558713413632
1203101558780649473
1203101559007186944
1203101559372034049
1203101559443185664
1203101556356177920
1203101559732744192
1203101559766364161
1203101559799910405
1203101559674064897
1203101552925380610
1203101559653109761
1203101559900389377
1203101560294825985
1203101560613376000
1203101560647114758
1203101560588267521
1203101560907214848
1203101559938277376
1203101560840040449
1203101560479326208
1203101561456644096
1203101561481842689
1203101561590894594
1203101556243083267
1203101561829937152
1203101562123563015
1203101562312232966
1203101562144534528
1203101562094129152
1203101562924613632
1203101562710740993
1203101563067219976
1203101563201425408
1203101562702200832
1203101563276840960
1203101563239182336
1203101563595755525
1203101563587162112
1203101563708825600
1203101563788632065
1203101563939672064
1203101564212273152
1203101564220477440
1203101564325572608
1203101564543684609
1203101564522520576
1203101564539428870
1203101564824702983
1203101564723810304
1203101564300337152
1203101565562839040
1203101565831254018
1203101566598877184
1203101566607273986
1203101566548492289
1203101566695198720
1203101567093747713
1203101567211253760
1203101567420977152
1203101567697793025
1203101567727128576
1203101567894859781
1203101567915720704
1203101567945256969
1203101568087801857
1203101568066867200
1203101568301748224
1203101568687435776
1203101568897146881
1203101568939233282
1203101569031512064
1203101569098625025
1203101569149001729
1203101569207742464
1203101569295769601
1203101569467719680
1203101569593597952
1203101569522135040
1203101569845276680
1203101569983668224
1203101568603582464
1203101568838426624
1203101570436608004
1203101570470166528
1203101569924898817
1203101570537152512
1203101570616836097
1203101571011219456
1203101571078332418
1203101571002687489
1203101571015413761
1203101571292291073
1203101571376144385
1203101571573309440
1203101571762065408
1203101571090829312
1203101571900293121
1203101572030296064
1203101571892027392
1203101570558287872
1203101573079093253
1203101573011922946
1203101572911251456
1203101573255225345
1203101572508639232
1203101573313966080
1203101573271785472
1203101573276061698
1203101573372694529
1203101573129342976
1203101573339058180
1203101573934669824
1203101573490126848
1203101574249119744
1203101574156845058
1203101574714810369
1203101574635180033
1203101575008403456
1203101575012634628
1203101574727438336
1203101575570264064
1203101575775956997
1203101574794399744
1203101575977349120
1203101575939387392
1203101576694509568
1203101576585330688
1203101576836960256
1203101577046659072
1203101577021710337
1203101577218809856
1203101577273200640
1203101577336086528
1203101577822851072
1203101577940070400
1203101576669339649
1203101578363834369
1203101578502266881
1203101578569437185
1203101578519027712
1203101578711814144
1203101578959433728
1203101578753978368
1203101579089498112
1203101579026542592
1203101579869663238
1203101580087775232
1203101580301611008
1203101579609550849
1203101580406464512
1203101580473643009
1203101581236932609
1203101581492789248
1203101581681528832
1203101582100795392
1203101582310567938
1203101582243565569
1203101582524588033
1203101582633553920
1203101582964838400
1203101583313006593
1203101583287832576
1203101583782924289
1203101583690489857
1203101583996858368
1203101584151982080
1203101584386936832
1203101585154420741
1203101585162653696
1203101585523429376
1203101585875668992
1203101586160934913
1203101586190258176
1203101586299539457
1203101586467110913
1203101586605715457
1203101586807050249
1203101586895130625
1203101588086251526
1203101588165988352
1203101588505513985
1203101581282955266
1203101588723683328
1203101588996395017
1203101589386530816
1203101589256495105
1203101589336207360
1203101589466050560
1203101589587648512
1203101589763846144
1203101590305083393
1203101590472790017
1203101590405681152
1203101590497959937
1203101590594424834
1203101591022292994
1203101591043289088
1203101591030644736
1203101591194292225
1203101591479488512
1203101591605104640
1203101591550746624
1203101591705964544
1203101591953391619
1203101591911297024
1203101592125427712
1203101592221827072
1203101590867075072
1203101592158797830
1203101592251060224
1203101592372813824
1203101592574144513
1203101592586608641
1203101592951517184
1203101593064726528
1203101593182314496
1203101593245298688
1203101593350156288
1203101593345961985
1203101593413062657
1203101593429659648
1203101593526095873
1203101593739988994
1203101593689833474
1203101593803079685
1203101593937350656
1203101593949876226
1203101594092335104
1203101594138615808
1203101594054643714
1203101594419634177
1203101594641825794
1203101595279527941
1203101595342458882
1203101595518603264
1203101595535335424
1203101596256632832
1203101596256817152
1203101596269170689
1203101596734885890
1203101596738998272
1203101596906856448
1203101597284343808
1203101597728817152
1203101597938544640
1203101598442041344
1203101598416719873
1203101598546890752
1203101598672703499
1203101598727073793
1203101598861402113
1203101598790094853
1203101598873899008
1203101599113121792
1203101599243091969
1203101599427702787
1203101598215483394
1203101599725506560
1203101599805165569
1203101599905665024
1203101600048279552
1203101600543334407
1203101600799186947
1203101601034129408
1203101601558409217
1203101601851944961
1203101601876996096
1203101602090848257
1203101602304921600
1203101602267181062
1203101602673856517
1203101602770501633
1203101602833477635
1203101602850193408
1203101602850201602
1203101603110236160
1203101604024639488
1203101604133691393
1203101604095901696
1203101604158812160
1203101604263497729
1203101604309692416
1203101604259467264
1203101604255272962
1203101604502745088
1203101604657778689
1203101604859252744
1203101604867641344
1203101605018497024
1203101605014523909
1203101605299720192
1203101605517811712
1203101606100815873
1203101606109229056
1203101606608281611
1203101606759337984
1203101606679433216
1203101606851555329
1203101606977380354
1203101607195492354
1203101607254274050
1203101607422054406
1203101607459770374
1203101607518445569
1203101607610781703
1203101607677845510
1203101607245832198
1203101607186952192
1203101608332144641
1203101608470548480
1203101608403443712
1203101608571068416
1203101608575242240
1203101609368150024
1203101609422512129
1203101609611399169
1203101609774997504
1203101609774874624
1203101609963794432
1203101610081054720
1203101610936852481
1203101600341905408
1203101606109036544
1203101610987212801
1203101611108814849
1203101611100430337
1203101611167567873
1203101610257174529
1203101611196899329
1203101611415015430
1203101611847045120
1203101611784060933
1203101611939250176
1203101612031369216
1203101612052344832
1203101612140564485
1203101612102823937
1203101612274675712
1203101612396482561
1203101612304039941
1203101612396498944
1203101612035559429
1203101612333584384
1203101612799123457
1203101612824317952
1203101612950077442
1203101613054971905
1203101612740362246
1203101613138706433
1203101612836839432
1203101613575020544
1203101613747048448
1203101613696704513
1203101593182162944
1203101613977522177
1203101613948166145
1203101614292160512
1203101614590111744
1203101614762086400
1203101614690562048
1203101610114551808
1203101614862675968
1203101615055618049
1203101614887718912
1203101614963351552
1203101615030358016
1203101615307317248
1203101615298895873
1203101615349207040
1203101615768719360
1203101616116846593
1203101615684825088
1203101616414568448
1203101616381009926
1203101616536276992
1203101616649449472
1203101616791932929
1203101616905297922
1203101617047760898
1203101617102311424
1203101617542848512
1203101617643327488
1203101617723203586
1203101617685434369
1203101617643491331
1203101618155081729
1203101618369105921
1203101618574524416
1203101618482434048
1203101618633232386
1203101618885013504
1203101619392528384
1203101619375788032
1203101619719507968
1203101619652415488
1203101619782594560
1203101619811966981
1203101619987968001
1203101620109824000
1203101620050939904
1203101620168544259
1203101620357218305
1203101620617105408
1203101620726353921
1203101620793495552
1203101620864716800
1203101620843745281
1203101621259001856
1203101621405863942
1203101621598793736
1203101621598740481
1203101622022418433
1203101622022238209
1203101622387249152
1203101622701682689
1203101622726987783
1203101622794170373
1203101623045763072
1203101623028875264
1203101622932402176
1203101623167471616
1203101623314255872
1203101623427330048
1203101623536369665
1203101623767224320
1203101623838396416
1203101623985344512
1203101623985332225
1203101624111116289
1203101624211820546
1203101624337666050
1203101624383627264
1203101624220012545
1203101625583165441
1203101625851748357
1203101625935630337
1203101626166325251
1203101626371919872
1203101626510331905
1203101626715627521
1203101626656968705
1203101626954858497
1203101626904563717
1203101627323965440
1203101627403710466
1203101627550519298
1203101627734990848
1203101627948969984
1203101627844087808
1203101628041175041
1203101628125061121
1203101628120743936
1203101628141883394
1203101628263522306
1203101628183658496
1203101628372418560
1203101628632576001
1203101628762427392
1203101628934569984
1203101629010128901
1203101629169504256
1203101629391818752
1203101629689540608
1203101629651832832
1203101629756661760
1203101629836406784
1203101630457110529
1203101630641651712
1203101630910148618
1203101631270858757
1203101631253868545
1203101631442763776
1203101631589634048
1203101631845240833
1203101631849603072
1203101631979704320
1203101631375716353
1203101632096960512
1203101632331780096
1203101632327757826
1203101632575066112
1203101632692543488
1203101632793391104
1203101633195823104
1203101633456025600
1203101633430904832
1203101633779052552
1203101633955188736
1203101634051661824
1203101634131152896
1203101634685022214
1203101634877886465
1203101635058290688
1203101635515432960
1203101635737800704
1203101635628670976
1203101635741749248
1203101635888779264
1203101635901214720
1203101635817476098
1203101636236840960
1203101636551417860
1203101636660539392
1203101637281296384
1203101637541277696
1203101637700538369
1203101637763616768
1203101637910265857
1203101638103158785
1203101638140952576
1203101638350655489
1203101638401167365
1203101638359224320
1203101638577270784
1203101638480875520
1203101638740758528
1203101638732349441
1203101639000940545
1203101638992416769
1203101638929604608
1203101639160168449
1203101639470653441
1203101638560382976
1203101639923638272
1203101639751733249
1203101640070516736
1203101640288620545
1203101640393400320
1203101640552828933
1203101640737349632
1203101640716357638
1203101641085468678
1203101641588625408
1203101641571995648
1203101641634930688
1203101641135800320
1203101641836290053
1203101642457067520
1203101642540900354
1203101642742259714
1203101642394087424
1203101643115552768
1203101643476275200
1203101643530809344
1203101643845320704
1203101644138921984
1203101644096974848
1203101644449353728
1203101644545769478
1203101644545830912
1203101644637949953
1203101645246287874
1203101645191761921
1203101644910727168
1203101645741154305
1203101645816696833
1203101645963350016
1203101645778763776
1203101646185730049
1203101646202392576
1203101646521286657
1203101646672125952
1203101646814957568
1203101647305674753
1203101647469195264
1203101647565709312
1203101647620255744
1203101647443877888
1203101647750254592
1203101647712354304
1203101648496873473
1203101648593272832
1203101648739954688
1203101648593158145
1203101648933003264
1203101649188933633
1203101649318957056
1203101649549451264
1203101649302102021
1203101649759297537
1203101649859952640
1203101649931247620
1203101650161995778
1203101650245890049
1203101650388430849
1203101650551861248
1203101650807857153
1203101650937958401
1203101651076124672
1203101651218898944
1203101651244081153
1203101651302780930
1203101651353186304
1203101651680280578
1203101651843928064
1203101651982270465
1203101652431052806
1203101651877404673
1203101652347228160
1203101652749881348
1203101652208803840
1203101652930252800
1203101653169254400
1203101653223825409
1203101653286699011
1203101654389809159
1203101654503108608
1203101654616289281
1203101654742118400
1203101654763089921
1203101655065079808
1203101654968676356
1203101655086047232
1203101655052345344
1203101655308230656
1203101655283195905
1203101655325118464
1203101655459336192
1203101655647969280
1203101655811678208
1203101655987654658
1203101656096870404
1203101656277143552
1203101656356925440
1203101656642015232
1203101655912181760
1203101656717631488
1203101657204051968
1203101657086582784
1203101657388765184
1203101656864481280
1203101657728528385
1203101657522933767
1203101657762062339
1203101657820811264
1203101657938182151
1203101658055692288
1203101658093367298
1203101658168741888
1203101657720119296
1203101658252795904
1203101658512793600
1203101658739179520
1203101658785439749
1203101658768539649
1203101659079032834
1203101659309707264
1203101659464916993
1203101659334754305
1203101659997593600
1203101660345700354
1203101660257480704
1203101660639375361
1203101660769345536
1203101660790300674
1203101660970512384
1203101660857290752
1203101661222199296
1203101661490798592
1203101661457084416
1203101661687951361
1203101661503184896
1203101661838876674
1203101661910228992
1203101662048448512
1203101662249807873
1203101662296117254
1203101662371557376
1203101662333882369
1203101662639882241
1203101662757429248
1203101663063613440
1203101662769905664
1203101663172513792
1203101663332118528
1203101662711336960
1203101663504093186
1203101663516676096
1203101663638228993
1203101663843831810
1203101664133160960
1203101664061853696
1203101664242221056
1203101664347119621
1203101664288239616
1203101664405798912
1203101664493760512
1203101665206919168
1203101665215291392
1203101665429250049
1203101665659895808
1203101665747968002
1203101665563422720
1203101665865478144
1203101665886449665
1203101666465263616
1203101666863730693
1203101667199258625
1203101667190812673
1203101667190886402
1203101667270508545
1203101667325087744
1203101667371225088
1203101667530543105
1203101667622891523
1203101667778080768
1203101667820032000
1203101668113563649
1203101668252028929
1203101668532871172
1203101667509575681
1203101669271191555
1203101669581623296
1203101669719982080
1203101669728423943
1203101669673750528
1203101669606617088
1203101670026158082
1203101670063910912
1203101670466576386
1203101670370107392
1203101670416297984
1203101670579875842
1203101670646923264
1203101670642782211
1203101670764363776
1203101671003312128
1203101670995042307
1203101671221604352
1203101671309676544
1203101671317999616
1203101671380922369
1203101671456305152
1203101671800426496
1203101671611600898
1203101671880040448
1203101672106536960
1203101672114917377
1203101672282755072
1203101672375046144
1203101672240820224
1203101672412762112
1203101672404180992
1203101672949592070
1203101672978956291
1203101673171890177
1203101673343700992
1203101673645891585
1203101673763278850
1203101674052698112
1203101674174369793
1203101674325389312
1203101674384084992
1203101674405011461
1203101674312622080
1203101674803548161
1203101674899955714
1203101674794971136
1203101674677719041
1203101675130695680
1203101675545862145
1203101674862075905
1203101675810152449
1203101676032471040
1203101675575107585
1203101675591856128
1203101676212760581
1203101676430876672
1203101676871147520
1203101677299130368
1203101677961830402
1203101677945012224
1203101677974372352
1203101678213500928
1203101678267961349
1203101678792302592
1203101678821658624
1203101679178190849
1203101679278809088
1203101679278624768
1203101679039598592
1203101679601643520
1203101679790501888
1203101679702478848
1203101679861850118
1203101679903805441
1203101679887044610
1203101680654356480
1203101680851718144
1203101680868495369
1203101680981680130
1203101681078198272
1203101681711489024
1203101681673756673
1203101681904316417
1203101681988390913
1203101682239864832
1203101682269347841
1203101682155974657
1203101682474848256
1203101682839760897
1203101683049488384
1203101683141791744
1203101683401863168
1203101683531821056
1203101684072898560
1203101684639174658
1203101684555223046
1203101684567699456
1203101684710293504
1203101684722847744
1203101684769198086
1203101684936916992
1203101685004017664
1203101685276708864
1203101685528350721
1203101685637251072
1203101685658406914
1203101685905870848
1203101685972787200
1203101686006501383
1203101686165901313
1203101686102929408
1203101686262358018
1203101686685982722
1203101686564360192
1203101686744649728
1203101686694211585
1203101686753091585
1203101686744543232
1203101686950182912
1203101687088656384
1203101687088648193
1203101687138922502
1203101687499476992
1203101687461732352
1203101687751335937
1203101688342536192
1203101688531476482
1203101688686473216
1203101688720056320
1203101688640487424
1203101688875212800
1203101689269673984
1203101689521197056
1203101689533747200
1203101689638801408
1203101689789763585
1203101689877843971
1203101689986846722
1203101690053963778
1203101690196570112
1203101690334994432
1203101690846760960
1203101690980814848
1203101690968367105
1203101691119362050
1203101691119161344
1203101691274395649
1203101691207471104
1203101691278700546
1203101691534626816
1203101691442270209
1203101691630874629
1203101691656192000
1203101691660427266
1203101691756924933
1203101692256030721
1203101692625072128
1203101692889317378
1203101692285325313
1203101692948037632
1203101693191184384
1203101693950484481
1203101693946322947
1203101693111603201
1203101693925150720
1203101694361518081
1203101694365593600
1203101694571073538
1203101694705459202
1203101694869069824
1203101694806110209
1203101694931767296
1203101695049445377
1203101695150055427
1203101695162691584
1203101695397384192
1203101695372189696
1203101695489826819
1203101695506550784
1203101695624044544
1203101694843686912
1203101695863074816
1203101696030920704
1203101696056012801
1203101696148197376
1203101696202858496
1203101696311877633
1203101696441888769
1203101695846293505
1203101696567762944
1203101696626511878
1203101696735502338
1203101696840388615
1203101696584552453
1203101697343664131
1203101697322749952
1203101697842860033
1203101697956044806
1203101697972883457
1203101698312552455
1203101698475954176
1203101698488586240
1203101698690076678
1203101698702462976
1203101698908196864
1203101699071782912
1203101699474444288
1203101699482771456
1203101699486965767
1203101699516309504
1203101699625357315
1203101699696668672
1203101699927400449
1203101700053037056
1203101700749328384
1203101700816592898
1203101700883542016
1203101701072465920
1203101701168926723
1203101701168865282
1203101700820623360
1203101701235970049
1203101701294587904
1203101701449945090
1203101701592567809
1203101701609156609
1203101701500219393
1203101701537968128
1203101701785473024
1203101701990952960
1203101702255198214
1203101702410264576
1203101702464983042
1203101702448177158
1203101702594924544
1203101702242607104
1203101702662045697
1203101702624333824
1203101702607364096
1203101702762704902
1203101702758576128
1203101702771159042
1203101702397628417
1203101703308021760
1203101702993403905
1203101703551111168
1203101703580594176
1203101703630929920
1203101703849074691
1203101703890972673
1203101704104894464
1203101704033579008
1203101704071319552
1203101704159293445
1203101704402505728
1203101704549470209
1203101704725712896
1203101704771788801
1203101704801140736
1203101705224835072
1203101705153499137
1203101705468043264
1203101705447100421
1203101705505837059
1203101705598111745
1203101706277597184
1203101706982215680
1203101707145752576
1203101707204468736
1203101707242278913
1203101707346927616
1203101707862806529
1203101707737059328
1203101707929915392
1203101708341202945
1203101708294987776
1203101708387323906
1203101709049966593
1203101709146492929
1203101709221978112
1203101709230395392
1203101709276471297
1203101709494566914
1203101709565923328
1203101709633040385
1203101709905661952
1203101710161301506
1203101710199205888
1203101710094348288
1203101710136143873
1203101710320668672
1203101710476021762
1203101710631071744
1203101710429896704
1203101710635294720
1203101709842763776
1203101710698328064
1203101710853402625
1203101710882918401
1203101711071662081
1203101711172157440
1203101711373656064
1203101711277182978
1203101711436591105
1203101711436529664
1203101711621115907
1203101711864188928
1203101711944077313
1203101711944081408
1203101712208277505
1203101712380096512
1203101712518721537
1203101712644485120
1203101712925560833
1203101713227489281
1203101713307095040
1203101713449664514
1203101713483390976
1203101713558671362
1203101713848135680
1203101713990852608
1203101714301231104
1203101714250792961
1203101714607271936
1203101714645159937
1203101714963935233
1203101714980757507
1203101715144347649
1203101715395952641
1203101715639091202
1203101715307925504
1203101715807035392
1203101716238888960
1203101716557836288
1203101716872335360
1203101717103095808
1203101717442764803
1203101717518323715
1203101718021586944
1203101718201982976
1203101718197596161
1203101718155874305
1203101717002358790
1203101718508163075
1203101717966905345
1203101718562652160
1203101718759780354
1203101718768164864
1203101718931619840
1203101719330271232
1203101719506411520
1203101719011438593
1203101719724462085
1203101719833518080
1203101720059895808
1203101720097591297
1203101720131321856
1203101720332644354
1203101720441700352
1203101720534044673
1203101720714330112
1203101720710205445
1203101720848453632
1203101721049722880
1203101721234296833
1203101721263689728
1203101721347670016
1203101721398071296
1203101720911454208
1203101721871831040
1203101721121169408
1203101721976811522
1203101722383536128
1203101722404704266
1203101722383704065
1203101722303815680
1203101722488360962
1203101722777923584
1203101722752585729
1203101722895429633
1203101723016994817
1203101722970861575
1203101723591675905
1203101723692294145
1203101723679698944
1203101723864305664
1203101723709100032
1203101723897712640
1203101722698223623
1203101723868454919
1203101724090814465
1203101724191449088
1203101724275286018
1203101724510183424
1203101724489203714
1203101725080641537
1203101724808007681
1203101725047083008
1203101725479047169
1203101725499904001
1203101726057943040
1203101726133215232
1203101725864775681
1203101726120611841
1203101726355668993
1203101726284365824
1203101725986455552
1203101726368260098
1203101726439616512
1203101726657658880
1203101726498148352
1203101726527705088
1203101726942711809
1203101727198765057
1203101727215489024
1203101727806746625
1203101728129851393
1203101728142479361
1203101728197029894
1203101728234770433
1203101728482168833
1203101728469585920
1203101728557670401
1203101728750669826
1203101729123905536
1203101729388023808
1203101729509785600
1203101729539207168
1203101729652297728
1203101729589547008
1203101729505468416
1203101730076012544
1203101730449309696
1203101730528878592
1203101730638106629
1203101730667405312
1203101730717782019
1203101730784915456
1203101730755379200
1203101730814083072
1203101730986188802
1203101730923266048
1203101731384479744
1203101730419945472
1203101731577647104
1203101731598544902
1203101731904729090
1203101731879559169
1203101732068306944
1203101732202409984
1203101732315844608
1203101732256878593
1203101732370182144
1203101732420632578
1203101732529754112
1203101732529680384
1203101732659589120
1203101732512899073
1203101732621807616
1203101733058203648
1203101732382883840
1203101733133504512
1203101733238403072
1203101733301313536
1203101733221593089
1203101733460692998
1203101733414682624
1203101733561544704
1203101733687353344
1203101733775278080
1203101733997535232
1203101734219874304
1203101734782087169
1203101735025303558
1203101735209852929
1203101735293767682
1203101735201341440
1203101735469953024
1203101735599910912
1203101735964872711
1203101735427985408
1203101736048693256
1203101736099074048
1203101736141021184
1203101736120004608
1203101736098881536
1203101736287629312
1203101736480772100
1203101736631775234
1203101736975491072
1203101737050988544
1203101737147609089
1203101737181208578
1203101737319567361
1203101737567043585
1203101737445400576
1203101737759969280
1203101737822887936
1203101737768366080
1203101737717911552
1203101737797771264
1203101737793421312
1203101738267484160
1203101738280062977
1203101738380779521
1203101738586312710
1203101738900873222
1203101739030855680
1203101739035119616
1203101739102212096
1203101739404210191
1203101739076984832
1203101740020752386
1203101740104667138
1203101740070916096
1203101740188545027
1203101740310114306
1203101740356325376
1203101740578545664
1203101741102714880
1203101741312548865
1203101740637310981
1203101741689917440
1203101742004604928
1203101742038179842
1203101742054936576
1203101742163988481
1203101742465978368
1203101742579109888
1203101742549757952
1203101743023833091
1203101743007055872
1203101742935814149
1203101743044866049
1203101743053230081
1203101743053066241
1203101743158059008
1203101743208288257
1203101743845978112
1203101743946485760
1203101744017756160
1203101744340897800
1203101744571523073
1203101744600961026
1203101744550436864
1203101744659673091
1203101744793821184
1203101744827269121
1203101745112592385
1203101745112588289
1203101745179766784
1203101745334902789
1203101745397796864
1203101745305534466
1203101745271971840
1203101745452183552
1203101745502666752
1203101745439657984
1203101745640951808
1203101745779486720
1203101746303832070
1203101746404478980
1203101746400133120
1203101746547040257
1203101746882584578
1203101747042045952
1203101747172052992
1203101747331424256
1203101747251683329
1203101747784237056
1203101747906002946
1203101747842932737
1203101748291919872
1203101748304457728
1203101748170129409
1203101748262359040
1203101748392579073
1203101748333645825
1203101748354846722
1203101748488916993
1203101748593864704
1203101748598059008
1203101748178501633
1203101748769935362
1203101748874887170
1203101749030117383
1203101749373857793
1203101749449494528
1203101749847965697
1203101750053330944
1203101750032420864
1203101750057525248
1203101750221250560
1203101750292615169
1203101750280019970
1203101750359658496
1203101750527483904
1203101750019973126
1203101750787530754
1203101750887997440
1203101750783332352
1203101750883864577
1203101751030767619
1203101751169171457
1203101751202721792
1203101751253094400
1203101751227891713
1203101751399849984
1203101751446065152
1203101751546646528
1203101751852843010
1203101751844454402
1203101752326787072
1203101752444301312
1203101752108703744
1203101752754458624
1203101752867852295
1203101753039704065
1203101753090203649
1203101753404727296
1203101753425776648
1203101753576738816
1203101753501028352
1203101753668882432
1203101752624635904
1203101753895538688
1203101753819963393
1203101753752711168
1203101754058887168
1203101754260410371
1203101754138583040
1203101754239246337
1203101754591608833
1203101754675515392
1203101755023736832
1203101755262849024
1203101754998558721
1203101755225124865
1203101755355082754
1203101755015340032
1203101755413712896
1203101755531239424
1203101755598393346
1203101755808067584
1203101755900342272
1203101756110057472
1203101756382564352
1203101756609183747
1203101756730818560
1203101756932186113
1203101756948959235
1203101757217427457
1203101757200465920
1203101757645217794
1203101757766680576
1203101757955616769
1203101757947043840
1203101758047883264
1203101757972385792
1203101758395994112
1203101758446297105
1203101758349873152
1203101758546960385
1203101758798647296
1203101758874095616
1203101759196954624
1203101759406845953
1203101759952080901
1203101760073666560
1203101760199577601
1203101760262459393
1203101760086331393
1203101760493109249
1203101760631529474
1203101760727838720
1203101761088761856
1203101761365565440
1203101761332023302
1203101761378177025
1203101761944207360
1203101762170900480
1203101762099372032
1203101762221199366
1203101762338476037
1203101762502176769
1203101762657378305
1203101762573332481
1203101763102035969
1203101763248754689
1203101763538161670
1203101763458478080
1203101763823210497
1203101763882176512
1203101764167204865
1203101764402270208
1203101764985217024
1203101765320761345
1203101765215883264
1203101765924573184
1203101765966671873
1203101766138695681
1203101766344155136
1203101766323232768
1203101766398685184
1203101766600011776
1203101766633562112
1203101767287889922
1203101767338098688
1203101767648632832
1203101767803781120
1203101768059670529
1203101768038715392
1203101768294502401
1203101768269336576
1203101768323936257
1203101768567214081
1203101768550436864
1203101768986562560
1203101769011625984
1203101769024200706
1203101769015975938
1203101769326301186
1203101769229668353
1203101769473122307
1203101769540222976
1203101769565388806
1203101770014240769
1203101770131619840
1203101770173407237
1203101770312015873
1203101770320424960
1203101770475540480
1203101770379120641
1203101770962153472
1203101771016687617
1203101771062824960
1203101771519758336
1203101771654221825
1203101771805208576
1203101772069449728
1203101771930820608
1203101772413382656
1203101772618690560
1203101772744511490
1203101772786614274
1203101772941864960
1203101773038280709
1203101773314969600
1203101773428350977
1203101773252067328
1203101773604511745
1203101773692637190
1203101773721980928
1203101773335953408
1203101773902360576
1203101774019792896
1203101774002999297
1203101774501969920
1203101774447439872
1203101774556606466
1203101774183194624
1203101774690709506
1203101774560673792
1203101774829125633
1203101775085101056
1203101775408046082
1203101776012025857
1203101776087437312
1203101776322408449
1203101776397910018
1203101776431505408
1203101776607678466
1203101776708288513
1203101776259493894
1203101776821604353
1203101776821526531
1203101777152925697
1203101777069068288
1203101777199058944
1203101777517850625
1203101777643687937
1203101777786265600
1203101777798877184
1203101778004234240
1203101778117582848
1203101778079694848
1203101778117455873
1203101778583212034
1203101778784317441
1203101779006754816
1203101779019231232
1203101779073937408
1203101779363270662
1203101779451371520
1203101779656876033
1203101779719798784
1203101779749154816
1203101779715473409
1203101779837239296
1203101779807748096
1203101779866587136
1203101779916984320
1203101780210532352
1203101780294410241
1203101781003251719
1203101780994867200
1203101781099765762
1203101781015875586
1203101780847910912
1203101781254819840
1203101781468893185
1203101782043430912
1203101782177697793
1203101782152531969
1203101782265737218
1203101782261534721
1203101782320304131
1203101782429188096
1203101782618132480
1203101783041687553
1203101783033167873
1203101783683452928
1203101783888781312
1203101783825870849
1203101783733633024
1203101784056778752
1203101784388050949
1203101784530665472
1203101784799154177
1203101784836673536
1203101785013080064
1203101784954277888
1203101784899772416
1203101785407148032
1203101785268768768
1203101785621221377
1203101785759657985
1203101785843535872
1203101786028027904
1203101786317434880
1203101786468429825
1203101786715938816
1203101786988515328
1203101787093266432
1203101787126788099
1203101787810607104
1203101787915337734
1203101788062322692
1203101788162932743
1203101788389494784
1203101788590739457
1203101788284440577
1203101788749983744
1203101788876001286
1203101788745940993
1203101789089755136
1203101789085667334
1203101789182033922
1203101789597376513
1203101789815484416
1203101789907816450
1203101789739982853
1203101790046162946
1203101790281064449
1203101790482419713
1203101790541094912
1203101790570516480
1203101790582927360
1203101790792769537
1203101791103176704
1203101791531028481
1203101791744753671
1203101790666919938
1203101791925260289
1203101791782608896
1203101792197844992
1203101792319328257
1203101792449519616
1203101792612966400
1203101792612970496
1203101792436989958
1203101792864743426
1203101792927502336
1203101793066127365
1203101792428535810
1203101793288245248
1203101793678319616
1203101793791557632
1203101793724485633
1203101793837821953
1203101793972105216
1203101793938477061
1203101794269839360
1203101794462838785
1203101794580226049
1203101794915639297
1203101795054047233
1203101795071021056
1203101795159040000
1203101795301638146
1203101795389706245
1203101795498823682
1203101795309907968
1203101795209359360
1203101795708485633
1203101795666382848
1203101795851161602
1203101795901493250
1203101796371193858
1203101796530610176
1203101796648046593
1203101796648079361
1203101796576555014
1203101795645579265
1203101796698329090
1203101796803268614
1203101796756901888
1203101796916293632
1203101797017149445
1203101796840828929
1203101797260447744
1203101797537210370
1203101797554049025
1203101797700661249
1203101797767766016
1203101797985992705
1203101798044700673
1203101798241914881
1203101798216732672
1203101798409494528
1203101798342389760
1203101798724190209
1203101798703280128
1203101798808064000
1203101798900338694
1203101798996828160
1203101799181365248
1203101799294488577
1203101798338314241
1203101799621652480
1203101799697264640
1203101799802134530
1203101799915249664
1203101800011878400
1203101800208961536
1203101800146100224
1203101798984122368
1203101800380993536
1203101800343097344
1203101800452284417
1203101800183689216
1203101800636846080
1203101800569552897
1203101800640995328
1203101800792023040
1203101800901087235
1203101800997539840
1203101801018359808
1203101801316270085
1203101801731543040
1203101801882501123
1203101801962184704
1203101802419412997
1203101802440249344
1203101802478161925
1203101802566017024
1203101802603802624
1203101802473766913
1203101802541043713
1203101803031748609
1203101803182735362
1203101803006570496
1203101803258232832
1203101803249713152
1203101803199352832
1203101803463741440
1203101803652558851
1203101803778326529
1203101803715235840
1203101804159885312
1203101804319232000
1203101804336041985
1203101804424249347
1203101804483022848
1203101804646543362
1203101804902387713
1203101804927635458
1203101804986339329
1203101805053435905
1203101805263171584
1203101805619634176
1203101805695160320
1203101805795778561
1203101805690920960
1203101805711745024
1203101805795663873
1203101803681894400
1203101806068457472
1203101806429163520
1203101806408163328
1203101806630461442
1203101806735319041
1203101806815064064
1203101806831656960
1203101806869590016
1203101806902960129
1203101806974427137
1203101806718603264
1203101806647300097
1203101807062536192
1203101807117062150
1203101807406436357
1203101807406407684
1203101807536410625
1203101807863402496
1203101807926480897
1203101808060592128
1203101808165392385
1203101808383713287
1203101808568061952
1203101808882782209
1203101807414779904
1203101808853495808
1203101809050603525
1203101809021054977
1203101808937312256
1203101809268740096
1203101809507741697
1203101809465798656
1203101809922973699
1203101810053042176
1203101810107523072
1203101810011115520
1203101810434740224
1203101811047051265
1203101811063681024
1203101811453943810
1203101811718197248
1203101811776856065
1203101811923546113
1203101811990679552
1203101812150145024
1203101811873370112
1203101812322119680
1203101812565434372
1203101812754128896
1203101812967952384
1203101813010051078
1203101813110661121
1203101813207027713
1203101813207121927
1203101813269860352
1203101813517553664
1203101813584670720
1203101813932584960
1203101813991518208
1203101814150836225
1203101814205358080
1203101814087802880
1203101814112935936
1203101814595432448
1203101815081975808
1203101815165923328
1203101807259660288
1203101814847000577
1203101815320924160
