1250938314238107648
1250938314523172864
1250938314493964291
1250938314695356418
1250938314867331073
1250938314972069889
1250938315005726722
1250938314972114944
1250938315106369538
1250938315077025793
1250938315240587264
1250938315546808325
1250938315727081479
1250938315848716289
1250938315806654464
1250938315790000131
1250938316163293185
1250938316125593600
1250938316205297667
1250938316427603968
1250938316490444801
1250938316553433089
1250938316763119624
1250938317018972166
1250938317132181505
1250938316918120449
1250938317220327424
1250938317673082880
1250938317794938881
1250938317669126145
1250938317828509696
1250938317752983552
1250938317983662083
1250938317853655040
1250938318356955139
1250938318532931585
1250938318541524995
1250938318574940160
1250938318575087617
1250938318960734211
1250938318994325504
1250938319149641728
1250938319086718977
1250938319367598080
1250938319317479425
1250938319493566464
1250938319497822208
1250938318931574786
1250938319426338817
1250938319623553026
1250938319636217862
1250938319644606464
1250938319858470918
1250938319963389953
1250938319971799048
1250938320072380417
1250938320189886464
1250938320374444035
1250938320533757952
1250938320680615936
1250938320781221895
1250938320672247810
1250938320898711553
1250938320999383041
1250938320781283330
1250938321230069776
1250938321364226049
1250938321385279489
1250938321553051648
1250938321829847040
1250938321557164040
1250938322106662912
1250938322157031424
1250938322064736256
1250938322400055296
1250938322324721668
1250938322601553928
1250938322727419904
1250938322358280193
1250938322827931651
1250938322991501312
1250938323134226439
1250938323142692870
1250938323193004034
1250938323209728002
1250938323331436553
1250938323318837249
1250938323452952582
1250938323440472072
1250938323545268225
1250938323553660930
1250938323532681222
1250938323612426240
1250938323826286592
1250938323981307905
1250938324132360192
1250938324103180289
1250938324144975872
1250938324602281986
1250938324572753920
1250938324648427525
1250938324698591232
1250938324770004998
1250938324707160065
1250938324380004352
1250938324769894400
1250938325252407296
1250938325428391942
1250938325671849986
1250938325835247616
1250938325814267904
1250938326149824512
1250938326414131201
1250938326435033088
1250938326368083971
1250938326489591809
1250938326380675072
1250938326565228546
1250938326535806976
1250938326594584577
1250938326783270915
1250938326808485891
1250938326619750400
1250938327009841152
1250938326917410816
1250938326972055552
1250938327508934658
1250938327752151041
1250938327831908353
1250938328028979205
1250938327982903297
1250938327827652611
1250938327995502592
1250938327949144064
1250938328079360006
1250938328096157696
1250938328230367232
1250938328251338753
1250938328230305798
1250938328653979648
1250938328649740289
1250938328796540931
1250938329073217536
1250938328859336704
1250938329123733505
1250938329052430336
1250938328762982402
1250938329106837504
1250938329308282891
1250938328830091269
1250938329572483072
1250938329627058176
1250938329522155520
1250938329903689728
1250938329769672704
1250938329962631169
1250938329429757952
1250938330063294464
1250938330138566658
1250938330264547335
1250938330616750080
1250938331103326209
1250938331296399360
1250938331224879104
1250938331569041411
1250938331652710401
1250938331438944262
1250938331602604040
1250938331732619265
1250938331728351234
1250938331694690306
1250938331795542018
1250938331745202176
1250938331610976263
1250938331954704385
1250938331971465222
1250938331958927361
1250938331757756425
1250938332378521600
1250938332525334529
1250938332537860098
1250938332239949824
1250938332571369478
1250938332764348418
1250938332810563584
1250938314238107648
1250938314523172864
1250938314493964291
1250938314695356418
1250938314867331073
1250938314972069889
1250938315005726722
1250938314972114944
1250938315106369538
1250938315077025793
1250938315240587264
1250938315546808325
1250938315727081479
1250938315848716289
1250938315806654464
1250938315790000131
1250938316163293185
1250938316125593600
1250938316205297667
1250938316427603968
1250938316490444801
1250938316553433089
1250938316763119624
1250938317018972166
1250938317132181505
1250938316918120449
1250938317220327424
1250938317673082880
1250938317794938881
1250938317669126145
1250938317828509696
1250938317752983552
1250938317983662083
1250938317853655040
1250938318356955139
1250938318532931585
1250938318541524995
1250938318574940160
1250938318575087617
1250938318960734211
1250938318994325504
1250938319149641728
1250938319086718977
1250938319367598080
1250938319317479425
1250938319493566464
1250938319497822208
1250938318931574786
1250938319426338817
1250938319623553026
1250938319636217862
1250938319644606464
1250938319858470918
1250938319963389953
1250938319971799048
1250938320072380417
1250938320189886464
1250938320374444035
1250938320533757952
1250938320680615936
1250938320781221895
1250938320672247810
1250938320898711553
1250938320999383041
1250938320781283330
1250938321230069776
1250938321364226049
1250938321385279489
1250938321553051648
1250938321829847040
1250938321557164040
1250938322106662912
1250938322157031424
1250938322064736256
1250938322400055296
1250938322324721668
1250938322601553928
1250938322727419904
1250938322358280193
1250938322827931651
1250938322991501312
1250938323134226439
1250938323142692870
1250938323193004034
1250938323209728002
1250938323331436553
1250938323318837249
1250938323452952582
1250938323440472072
1250938323545268225
1250938323553660930
1250938323532681222
1250938323612426240
1250938323826286592
1250938323981307905
1250938324132360192
1250938324103180289
1250938324144975872
1250938324602281986
1250938324572753920
1250938324648427525
1250938324698591232
1250938324770004998
1250938324707160065
1250938324380004352
1250938324769894400
1250938325252407296
1250938325428391942
1250938325671849986
1250938325835247616
1250938325814267904
1250938326149824512
1250938326414131201
1250938326435033088
1250938326368083971
1250938326489591809
1250938326380675072
1250938326565228546
1250938326535806976
1250938326594584577
1250938326783270915
1250938326808485891
1250938326619750400
1250938327009841152
1250938326917410816
1250938326972055552
1250938327508934658
1250938327752151041
1250938327831908353
1250938328028979205
1250938327982903297
1250938327827652611
1250938327995502592
1250938327949144064
1250938328079360006
1250938328096157696
1250938328230367232
1250938328251338753
1250938328230305798
1250938328653979648
1250938328649740289
1250938328796540931
1250938329073217536
1250938328859336704
1250938329123733505
1250938329052430336
1250938328762982402
1250938329106837504
1250938329308282891
1250938328830091269
1250938329572483072
1250938329627058176
1250938329522155520
1250938329903689728
1250938329769672704
1250938329962631169
1250938329429757952
1250938330063294464
1250938330138566658
1250938330264547335
1250938330616750080
1250938331103326209
1250938331296399360
1250938331224879104
1250938331569041411
1250938331652710401
1250938331438944262
1250938331602604040
1250938331732619265
1250938331728351234
1250938331694690306
1250938331795542018
1250938331745202176
1250938331610976263
1250938331954704385
1250938331971465222
1250938331958927361
1250938331757756425
1250938332378521600
1250938332525334529
1250938332537860098
1250938332239949824
1250938332571369478
1250938332764348418
1250938332810563584
