1273087685976920064
1273087686157492226
1273087686144753664
1273087686589415425
1273087686404968455
1273087686715166721
1273087686799233024
1273087686765621250
1273087687654879233
1273087687306522626
1273087687898157057
1273087687960952840
1273087687646482437
1273087687638073344
1273087688443232258
1273087688791515136
1273087688992714753
1273087688954929153
1273087689089331203
1273087689206779904
1273087689181614081
1273087689483530242
1273087689730846721
1273087689860870144
1273087689814945792
1273087689894567937
1273087690078949376
1273087689735106561
1273087690314002432
1273087690334892032
1273087690473238529
1273087690674765824
1273087690812973056
1273087690808922112
1273087690859089920
1273087691383377920
1273087691433799680
1273087691031228417
1273087691584876544
1273087691865780225
1273087691916111878
1273087692079632385
1273087692172079105
1273087692264411136
1273087692453154816
1273087692746547201
1273087692859817984
1273087693291913217
1273087693573021696
1273087693908586496
1273087694013251586
1273087694118301697
1273087693707112448
1273087694260887553
1273087694361559040
1273087694441234432
1273087694550315009
1273087694747258881
1273087694718066688
1273087695305060353
1273087695414267906
1273087695716302849
1273087695703674880
1273087695816994817
1273087695879917568
1273087696156712960
1273087696051884032
1273087696466874368
1273087696509063168
1273087696743915521
1273087696748122113
1273087696760602624
1273087696953577472
1273087696911478784
1273087696978743297
1273087696978669568
1273087697104429058
1273087697146515467
1273087697297555459
1273087697368817664
1273087697607852032
1273087697851166720
1273087698010603520
1273087698606022656
1273087698698489859
1273087698727849985
1273087699180761093
1273087699239358464
1273087699298238465
1273087699570831360
1273087699595874305
1273087699688226816
1273087699658907652
1273087699344220160
1273087700275474432
1273087700225138688
1273087700367814661
1273087700271271936
1273087700611010560
1273087700682366976
1273087700992692225
1273087700967530497
1273087701009330178
1273087701055467520
1273087701533720577
1273087701684805632
1273087701860978688
1273087701944799234
1273087701948997635
1273087701894533120
1273087702175485952
1273087702628356096
1273087702817267712
1273087702959820806
1273087703144267776
1273087703102435328
1273087703412858880
1273087703458951169
1273087703446360066
1273087703643574273
1273087703706300416
1273087703999893508
1273087704037617664
1273087704054423553
1273087703966416901
1273087704247435264
1273087703681249281
1273087704327061506
1273087704541073408
1273087705023279104
1273087705824366592
1273087706088816641
1273087705908342785
1273087706185302016
1273087706650808320
1273087706831167488
1273087706881560577
1273087706982019072
1273087707044958209
1273087707061850115
1273087707212808192
1273087707204521984
1273087707225321473
1273087707292610560
1273087707686854656
1273087708060057600
1273087708689137664
1273087708697694215
1273087709150576641
1273087709167353859
1273087709205065728
1273087709372956677
1273087709423251457
1273087709486219266
1273087709683343361
1273087709846929408
1273087709880315904
1273087709859524611
1273087709838479360
1273087710119391232
1273087710291324928
1273087710446497792
1273087710505218048
1273087710744449025
1273087710828339200
1273087710786453504
1273087711197495297
1273087711243579393
1273087711159570432
1273087711243575296
1273087711365279744
1273087711465725952
1273087711491117056
1273087711608401921
1273087711826624515
1273087711935684608
1273087712120242176
1273087712031989760
1273087712489353217
1273087712573165568
1273087712724164608
1273087713529511936
1273087713516883972
1273087713579851777
1273087713512546305
1273087713621704705
1273087713667887104
1273087713827098624
1273087713844084736
1273087713957339139
1273087714414358529
1273087714548609024
1273087714741673988
1273087714850598912
1273087715328876550
1273087715471433729
1273087715555323905
1273087715618238469
1273087715744124928
1273087715777617920
1273087715865583616
1273087716213784576
1273087716037742599
1273087716276744194
1273087716389842949
1273087716834435073
1273087717367316480
1273087717505732609
1273087717627363329
1273087717740556289
1273087717853876230
1273087717908324353
1273087717895700482
1273087718109609984
1273087718235549697
1273087718436847618
1273087718654910464
1273087718663303169
1273087718726172672
1273087718801752064
1273087718852046848
1273087718780571649
1273087718831128577
1273087719137316866
1273087719028088832
1273087719082733570
1273087719120539648
1273087719267336192
1273087719497818112
1273087719485341696
1273087719674204160
1273087719728713728
1273087715559407616
1273087719665631233
1273087719711916033
1273087720236240898
1273087719971917825
1273087720437370882
1273087720647266304
1273087720949264385
1273087720970223616
1273087721012109312
1273087721171488771
1273087721213267970
1273087721108537344
1273087721695838209
1273087721741922309
1273087721716752386
1273087721846652928
1273087721800515584
1273087721989341184
1273087722098274305
1273087722165542917
1273087722144641024
1273087722450595841
1273087722236907520
1273087722593255424
1273087722119446529
1273087722626977794
1273087722819923971
1273087723126116352
1273087723327287296
1273087723365183490
1273087723339952128
1273087723486707712
1273087723553689600
1273087723650387970
1273087723532881920
1273087723687915526
1273087723838902272
1273087724006891520
1273087724027695104
1273087724250001414
1273087724325613568
1273087724694712321
1273087724728320000
1273087724766089217
1273087724908658690
1273087725067960321
1273087725059465216
1273087725051265025
1273087725319540736
1273087725365690368
1273087725508452352
1273087725428670469
1273087725604941828
1273087725772648449
1273087726024224768
1273087725927903232
1273087726502531072
1273087726447779840
1273087726548668419
1273087726779346944
1273087726431006721
1273087727018409985
1273087727114891265
1273087727140065287
1273087715022712832
1273087727366537224
1273087727399956481
1273087727525924866
1273087727743819778
1273087727815270405
1273087727823728640
1273087727777411073
1273087727941140481
1273087727848886272
1273087727810998274
1273087728255565824
1273087728280915968
1273087727228067840
1273087728465281024
1273087728830287873
1273087729190961153
1273087729270734848
1273087729354473473
1273087729434333187
1273087729753096195
1273087729782358017
1273087730315145217
1273087729904074753
1273087730575179776
1273087730667454464
1273087730692558848
1273087730696835081
1273087730990354432
1273087730994552832
1273087731195883528
1273087731489337344
1273087732034801664
1273087732034625536
1273087732227682304
1273087732156452872
1273087732298940418
1273087732261289985
1273087732340924416
1273087732399644675
1273087732273872898
1273087732491796480
1273087732613554176
1273087732999389186
1273087733146152961
1273087733095956481
1273087733494362114
1273087733129531392
1273087732903010309
1273087733821407232
1273087733913866243
1273087733766991873
1273087733817389058
1273087734274547712
1273087734274351105
1273087734090010624
1273087734379417603
1273087734282776576
1273087734702198791
1273087734874165248
1273087735318769664
1273087735436369920
1273087735406800896
1273087735453097984
1273087735884943361
1273087735973048321
1273087736015130624
1273087736128380929
1273087736379891712
1273087736686227460
1273087736694607872
1273087736665329664
1273087737206317056
1273087737197924352
1273087737298661376
1273087737361506306
1273087737399296001
1273087737739034631
1273087737902632960
1273087737734848513
1273087738108153857
1273087738405728257
1273087738556944391
1273087738703740928
1273087738703724544
1273087739043254272
1273087739110371333
1273087739181903874
1273087739445956608
1273087739072860162
1273087739530002432
1273087739118968833
1273087739508846592
1273087740272431104
1273087740712751105
1273087740830089218
1273087740817653761
1273087740905578496
1273087740947705856
1273087741056581635
1273087741526511616
1273087741639655424
1273087741568270337
1273087741811720194
1273087742377934848
1273087742289809408
1273087742860279808
1273087743028006913
1273087743149539330
1273087742977560581
1273087743762018304
1273087743749353472
1273087743787229185
1273087744055676930
1273087744332443649
1273087744437186560
1273087744777039873
1273087744902868993
1273087744852492289
1273087745049550848
1273087745741787138
1273087745720631297
1273087745905143810
1273087745905188866
1273087746031181824
1273087746203095041
1273087746672922625
1273087746597425154
1273087747000078336
1273087746588971008
1273087747524300801
1273087747322871808
1273087747759255553
1273087747960553475
1273087748040265729
1273087748144914432
1273087748031774721
1273087748128116737
1273087748144955393
1273087748216246272
1273087748392525824
1273087748509966343
1273087748229017600
1273087748681826304
1273087749302575108
1273087749516488705
1273087749889953794
1273087750145806338
1273087750447812609
1273087750451978240
1273087750644924419
1273087750800056320
1273087750997192704
1273087751169216516
1273087750904913920
1273087751378747392
1273087751328595968
1273087751580258306
1273087751601229824
1273087751789981701
1273087751882227715
1273087751777378305
1273087752091795457
1273087752247091200
1273087752343416832
1273087752419115008
1273087752716910592
1273087752800735238
1273087752876240897
1273087752897249280
1273087753056669699
1273087752725241857
1273087753236828161
1273087753190694913
1273087753354387466
1273087753220210688
1273087753513828355
1273087753576566784
1273087753882931202
1273087754092580865
1273087754117828609
1273087754058989569
1273087754356703233
1273087754356826113
1273087754440716288
1273087754537181188
1273087755107663873
1273087755120193536
1273087755149611009
1273087755258662913
1273087754994429954
1273087755510255617
1273087755715739648
1273087755862577153
1273087756164648962
1273087756294475776
1273087756135043073
1273087756542058503
1273087756898652160
1273087757385191425
1273087757104099336
1273087757565427712
1273087757586362369
1273087757993172992
1273087757976559617
1273087758584516608
1273087758643474437
1273087758756700161
1273087758916096000
1273087758937047047
1273087759071281152
1273087759142522881
1273087759209635842
1273087759352135680
1273087759293521922
1273087759478067200
1273087759444402179
1273087759578611712
1273087759675260928
1273087759285202944
1273087759943471104
1273087759985639424
1273087759851220995
1273087760035766273
1273087759968661507
1273087760102875136
1273087760203726848
1273087760203567105
1273087760451207169
1273087760417656832
1273087760421847040
1273087760581169153
1273087760702767104
1273087760719589376
1273087760895598592
1273087760950231041
1273087760996265984
1273087761172574208
1273087761143066624
1273087761021452294
1273087760966926336
1273087761151639552
1273087761390735361
1273087761453645824
1273087761549914112
1273087761751441408
1273087761839468548
1273087762107793408
1273087762061811714
1273087762078543872
1273087762250502144
1273087762145501184
1273087762548359168
1273087762758017024
1273087762854481928
1273087762896486401
1273087762925629440
1273087763223625728
1273087763231969281
1273087763441647616
1273087763680833541
1273087763735285760
1273087763789864965
1273087763978629121
1273087763949203458
1273087763919695873
1273087763936665602
1273087764074868737
1273087764183912453
1273087763814875136
1273087764645457920
1273087765060571143
1273087765060685829
1273087765073113088
1273087765341708297
1273087765337391104
1273087765295620096
1273087765446643713
1273087765723389954
1273087765823942656
1273087765119414272
1273087766432059394
1273087766478323713
1273087765866057729
1273087767048671234
1273087767149338624
1273087767585501184
1273087767531184129
1273087767698903041
1273087767745093637
1273087767392784384
1273087767917072385
1273087767933747201
1273087768214863873
1273087768504045568
1273087768424443907
1273087768466505728
1273087768613306368
1273087768667860992
1273087768835567616
1273087768906723328
1273087769083088896
1273087769070276609
1273087768932028416
1273087769242415104
1273087769238265856
1273087769259192324
1273087769515118592
1273087769687011328
1273087769812840449
1273087769749880835
1273087769846386689
1273087769976492033
1273087769947013120
1273087769955512320
1273087770249003008
1273087770458636289
1273087770466979840
1273087770764836865
1273087771041607681
1273087771142500353
1273087771763265536
1273087771712913408
1273087771616387073
1273087772006416387
1273087772014907392
1273087772258111489
1273087771985338370
1273087772719489024
1273087772899844096
1273087773055090688
1273087772882948096
1273087773042446339
1273087773180911617
1273087773377953793
1273087773466071041
1273087773650628614
1273087773432479750
1273087773633851392
1273087773713588226
1273087773784838145
1273087774279839745
1273087774342524928
1273087774493749248
1273087774749372416
1273087774976086016
1273087775110135809
1273087775282102272
1273087774766370816
1273087775710105601
1273087775793917957
1273087775798067201
1273087776020410370
1273087775932375041
1273087776112758785
1273087776205017089
1273087776573906944
1273087776762798082
1273087776641241091
1273087776410435584
1273087776871890944
1273087777048088578
1273087777035280385
1273087777152700416
1273087777404583939
1273087777383632896
1273087777555582976
1273087778079813633
1273087778151071744
1273087778117451778
1273087778163695617
1273087778620833792
1273087779304505346
1273087779333746689
1273087779350724608
1273087779614920704
1273087779623313408
1273087779644125184
1273087779820331008
1273087779904401413
1273087779975467008
1273087780009189377
1273087780168622080
1273087779824635905
1273087780327809024
1273087780579684352
1273087780701319168
1273087780843925511
1273087781099708417
1273087781347012608
1273087781271670787
1273087781611294721
1273087781628112896
1273087781435330560
1273087781930242048
1273087781972127745
1273087782357995520
1273087782987034624
1273087783096238081
1273087783192666112
1273087783251464192
1273087783284826113
1273087783129710592
1273087783708635137
1273087783863750663
1273087783909748737
1273087783842832385
1273087784425795586
1273087784698306562
1273087784836726785
1273087785021460483
1273087785025536000
1273087785721753600
1273087785352802305
1273087785897885696
1273087786334199815
1273087786560688129
1273087786808197122
1273087786829049857
1273087787256942595
1273087787093446656
1273087787772907523
1273087787923697665
1273087788175568897
1273087788317990912
1273087788305584134
1273087788410236928
1273087788607369217
1273087788741787649
1273087788796305408
1273087788800507904
1273087788796252160
1273087788976615428
1273087789073137665
1273087789593067524
1273087789643509761
1273087789689700352
1273087789714878465
1273087789773606912
1273087789962330113
1273087790176251912
1273087790218174465
1273087790264262656
1273087790297669632
1273087790289260544
1273087790662602753
1273087790935351297
1273087791107379201
1273087790910185472
1273087791174430721
1273087791442919430
1273087791312908293
1273087791560187906
1273087791723720704
1273087791702949889
1273087792021532673
1273087791904157696
1273087792181129216
1273087792348880896
1273087792495517696
1273087792508276736
1273087792759877632
1273087792906735616
1273087792847794176
1273087792965472258
1273087793238024192
1273087793330298880
1273087793611206659
1273087793502314496
1273087793833472000
1273087793833664512
1273087794114711552
1273087794471190528
1273087794626408448
1273087794982903808
1273087795171639297
1273087795142123520
1273087795574255617
1273087795331059715
1273087795670560768
1273087795746099200
1273087795893096448
1273087796094349312
1273087796245299200
1273087796316704769
1273087796379557893
1273087796475883521
1273087796140404738
1273087796824113158
1273087796270546944
1273087796736122882
1273087796853399553
1273087797063061504
1273087797297991681
1273087797273001985
1273087797495201796
1273087797587513345
1273087797637926914
1273087797742755841
1273087798149595139
1273087798069932032
1273087798287851521
1273087798405365765
1273087798388518913
1273087798761803776
1273087798833266691
1273087798753366017
1273087799030362112
1273087799022047232
1273087799072305152
1273087799328202753
1273087799474958338
1273087799747543041
1273087799839862784
1273087799835545600
1273087799940399104
1273087800225796109
1273087800548573185
1273087800687165441
1273087800695492609
1273087800879968256
1273087800888311812
1273087800334856194
1273087800796155904
1273087800934453249
1273087801257594880
1273087801311911936
1273087801286942721
1273087801320443905
1273087801416966145
1273087801416957952
1273087801521733632
1273087801672728581
1273087801869791234
1273087802142363649
1273087802511589377
1273087802503122946
1273087802587205632
1273087802679361537
1273087802708824065
1273087802817671169
1273087802859761666
1273087803002433537
1273087803065356288
1273087803144974337
1273087803069366273
1273087803065282567
1273087803300200448
1273087803249905666
1273087803748909059
1273087803807526913
1273087803895746561
1273087804004859906
1273087804050980870
1273087804394934273
1273087804432515072
1273087804545937409
1273087804487036929
1273087804621324288
1273087804738699264
1273087804403146752
1273087804759855104
1273087804516507648
1273087804898189312
1273087805028216838
1273087805246386177
1273087805296689152
1273087805275734021
1273087805313503238
1273087805644734464
1273087805778993153
1273087805376417792
1273087806185762817
1273087806689046528
1273087806903062529
1273087806919843840
1273087806881947648
1273087807133753350
1273087807322501120
1273087807343357952
1273087807549046784
1273087807557427200
1273087807360307200
1273087808127860736
1273087808111083520
1273087808207380482
1273087808043798528
1273087808672915456
1273087808945696768
1273087808882774017
1273087809088303106
1273087809398755328
1273087809331527681
1273087809763643392
1273087809834844160
1273087810107555841
1273087810015297540
1273087810287865857
1273087810262745091
1273087810644389893
1273087810824663041
1273087810988388352
1273087810958958594
1273087810958954497
1273087811046916096
1273087811466358785
1273087811428790279
1273087811642630144
1273087811705544704
1273087811797651456
1273087812020178952
1273087811835568128
1273087812288512005
1273087812376489984
1273087812330455040
1273087812619960320
1273087812674260993
1273087812682895361
1273087812670238721
1273087812783357953
1273087813018284032
1273087813089550337
1273087813035143168
1273087813102247938
1273087813555228674
1273087813613957121
1273087813706268672
1273087813689446400
1273087813777580032
1273087813798572038
1273087813987123200
1273087814125735937
1273087814440116225
1273087814737985538
1273087814889017344
1273087815295725568
1273087815505588224
1273087815564189697
1273087815908286464
1273087815459516416
1273087815816032257
1273087816126218243
1273087816248037376
1273087816600358913
1273087816642072577
1273087816659017730
1273087816952496130
1273087817007202310
1273087817430622208
1273087817325989889
1273087817506328577
1273087817472544768
1273087817640337409
1273087817711828992
1273087817665503233
1273087818156445702
1273087818236076034
1273087818190008325
1273087818386956289
1273087818580078598
1273087819238404097
1273087819104292866
1273087819276263424
1273087819276324864
1273087819515297793
1273087819406245889
1273087819695742978
1273087820081647616
1273087820215619585
1273087820224069632
1273087820580548609
1273087820933083138
1273087820861779968
1273087820924583936
1273087820945637377
1273087821058904065
1273087821054717953
1273087821369278464
1273087821327167489
1273087821478330368
1273087821373267968
1273087821566402569
1273087821675409408
1273087821667057664
1273087821809664001
1273087821662883846
1273087821885190144
1273087821792677890
1273087821830451206
1273087821931151360
1273087822178770949
1273087822082211841
1273087822270849024
1273087822203944964
1273087822371708928
1273087822526808064
1273087822761730048
1273087822732328960
1273087822786789376
1273087822967144454
1273087822732447750
1273087823072067585
1273087823701086209
1273087823990718464
1273087824087171072
1273087823810355201
1273087824733011971
1273087824774918147
1273087824980520960
1273087825064443905
1273087825504804865
1273087825517457411
1273087825823453184
1273087825857126400
1273087826079301632
1273087826142396421
1273087826293334018
1273087826297589760
1273087826343669760
1273087826511433729
1273087826767331334
1273087826859565057
1273087826993823744
1273087826985287680
1273087827186724864
1273087827203375104
1273087827086053377
1273087827266306050
1273087826867957760
1273087827534680065
1273087827568291840
1273087828101156864
1273087828319260675
1273087828407259136
1273087827861897216
1273087828654686208
1273087828713299969
1273087828705128450
1273087828952363009
1273087829078351872
1273087829195681793
1273087829128577025
1273087829120372736
1273087829485092864
1273087829816598529
1273087830093369344
1273087830143705088
1273087830621925377
1273087830672236544
1273087830760161281
1273087830961590273
1273087830915297280
1273087831091474432
1273087831196307456
1273087831376826373
1273087831502499841
1273087831917936643
1273087832094052353
1273087832186208256
1273087831649345537
1273087832706428928
1273087832714891264
1273087832727228419
1273087833025150976
1273087832983310337
1273087833046016000
1273087832597450756
1273087833213992961
1273087833331453953
1273087833150914560
1273087833528430593
1273087833507495938
1273087833566334976
1273087833952026624
1273087834015047681
1273087833960378368
1273087833943805952
1273087834312904709
1273087834329620480
1273087834421964801
1273087834421751809
1273087834648444928
1273087834652463104
1273087834853986305
1273087834874937344
1273087834971389953
1273087835021574144
1273087835264909312
1273087835499724801
1273087835541815297
1273087835684421632
1273087836271460352
1273087836300939267
1273087836313604096
1273087836275834882
1273087836389081089
1273087836514902016
1273087836468785152
1273087836389085195
1273087836640686080
1273087836682625026
1273087836787441665
1273087836581793792
1273087836955144192
1273087837102055424
1273087837215178752
1273087837274091520
1273087837756424192
1273087837890580481
1273087838712709121
1273087838909759489
1273087839048269830
1273087839211847680
1273087839526363138
1273087839576653824
1273087839459311616
1273087839736037376
1273087840121794562
1273087840080072704
1273087840449167361
1273087840457539585
1273087840726011905
1273087840834879493
1273087840805629953
1273087840960884736
1273087841342386177
1273087841304707073
1273087841644564485
1273087841665314816
1273087841543901187
1273087841719943168
1273087841682092033
1273087841984110592
1273087842021933057
1273087842055385088
1273087842491592704
1273087842445438978
1273087842697326592
1273087842588209153
1273087842923798528
1273087842852507648
1273087842995056652
1273087843095547904
1273087843133353985
1273087843288731648
1273087843720728576
1273087843829571584
1273087843745726464
1273087843821334531
1273087844219793419
1273087844299485184
1273087844177768449
1273087844282699778
1273087844324696065
1273087844412608512
1273087844509200386
1273087844550995968
1273087844811227142
1273087844899323906
1273087845130010625
1273087845239066625
1273087845469696000
1273087845524099073
1273087845822062593
1273087845897367553
1273087845918531584
1273087845998096385
1273087846124064768
1273087845989863424
1273087845956124673
1273087846195187712
1273087846556057600
1273087846958669824
1273087847113740288
1273087846992293889
1273087847562543104
1273087847629819909
1273087848099442688
1273087848082583554
1273087848024100871
1273087848162430976
1273087848237813760
1273087848212725761
1273087848434905088
1273087848460124160
1273087848514752513
1273087848569331712
1273087848757911552
1273087849177513989
1273087849273806848
1273087849739554818
1273087849580171270
1273087849731026944
1273087849970241536
1273087849659760640
1273087850339348481
1273087850318376975
1273087850418970625
1273087850792267778
1273087850943328261
1273087851098443777
1273087851182374913
1273087851115274242
1273087851266289665
1273087851731746816
1273087851752808448
1273087851924725761
1273087852092555267
1273087852365176833
1273087852394557440
1273087852654419968
1273087852881022976
1273087852880859138
1273087852881068033
1273087853057228800
1273087853036294144
1273087853128450048
1273087853682139136
1273087853636071424
1273087853849989122
1273087853988175872
1273087854046928896
1273087854151778306
1273087854399361028
1273087854500089863
1273087854588104705
1273087854655176704
1273087854957101056
1273087855095459840
1273087855158493185
1273087855397466113
1273087855754174464
1273087855967887361
1273087856014004224
1273087856572071936
1273087856475602944
1273087856802758658
1273087856764911619
1273087856920199171
1273087856941117441
1273087856983105536
1273087856999714817
1273087857062633472
1273087857402490880
1273087857406685187
1273087858006470656
1273087858249629696
1273087858367172610
1273087858388217858
1273087858505510913
1273087858568544260
1273087858354552832
1273087858719350785
1273087858912395266
1273087859193511937
1273087859348701186
1273087859646435328
1273087859751301121
1273087859600261120
1273087860091031552
1273087860053286919
1273087860212727808
1273087860233719809
1273087860204138497
1273087860543979522
1273087860560756736
1273087860539830272
1273087860959252480
1273087861210992640
1273087861596860416
1273087861709930496
1273087861949169670
1273087862049816584
1273087861705674753
1273087862158712832
1273087862603382786
1273087862762729472
1273087862846734339
1273087863052275713
1273087863320690688
1273087863350059008
1273087863282778112
1273087863366643712
1273087863572357120
1273087863496859649
1273087863748427776
1273087864134266880
1273087864679682048
1273087864755097600
1273087865463943171
1273087865740832776
1273087865870835714
1273087865950437376
1273087866210525184
1273087866097172483
1273087866529341442
1273087866545922048
1273087866638303233
1273087866717929474
1273087866650968065
1273087866906841089
1273087866919366657
1273087866990587904
1273087867259101184
1273087867263152134
1273087867288461312
1273087867217199104
1273087867342987269
1273087867468894210
1273087867317702658
1273087867674259456
1273087867720474626
1273087867791634432
1273087867829526528
1273087867770884096
1273087867804319745
1273087867947008000
1273087868341293057
1273087868618113025
1273087868697747456
1273087868710215680
1273087868722917376
1273087868798488576
1273087868890755074
1273087869066895361
1273087869091864576
1273087868785659904
1273087869154885632
1273087869175902214
1273087869121372163
1273087868949454849
1273087869314314240
1273087869129830402
1273087869251399680
1273087869251248129
1273087869314306048
1273087869293219840
1273087869394001921
1273087869456801792
1273087869519683584
1273087869968510976
1273087870203506688
1273087870056771589
1273087870279077890
1273087870203572224
1273087870421606408
1273087870144634881
1273087870715269121
1273087871101083648
1273087871277293570
1273087871189164032
1273087871302369281
1273087871415713792
1273087871591776256
1273087871885467650
1273087872065777665
1273087872221011971
1273087872287903744
1273087872309002241
1273087872137134085
1273087872459927552
1273087872753696777
1273087872321683457
1273087872682336259
1273087872984285184
1273087872959221760
1273087873160544257
1273087873248616448
1273087873202270210
1273087873399566337
1273087873437351938
1273087873705705472
1273087873516961793
1273087874208985090
1273087874309804033
1273087874620182530
1273087874561441794
1273087874640932864
1273087874653720578
1273087874649460737
1273087874813091840
1273087875001864193
1273087875060555777
1273087875232366592
1273087875270291457
1273087875278462977
1273087875396050944
1273087875400241152
1273087875995885570
1273087876042051584
1273087876025237507
1273087876314460165
1273087876448743424
1273087876608266240
1273087877002354688
1273087877098987521
1273087877187088390
1273087877228843010
1273087877337972742
1273087877367443456
1273087877589729280
1273087877602131968
1273087877602312198
1273087877161742336
1273087877770104837
1273087878025711621
1273087878093049857
1273087878189346816
1273087878483120128
1273087878587805696
1273087879087038464
1273087879250505729
1273087879732920321
1273087879787528192
1273087879305101313
1273087880337010688
1273087880353767424
1273087880395665409
1273087880382955522
1273087880584404992
1273087880630546434
1273087880672526336
1273087880844333056
1273087880324419584
1273087880907427840
1273087880689319936
1273087880899026944
1273087881037271040
1273087881196851201
1273087881498841088
1273087881452584960
1273087882119401473
1273087882085961729
1273087882081828871
1273087882207662080
1273087882157121536
1273087882245308416
1273087881939243009
1273087882589343747
1273087882740346880
1273087882765275136
1273087882840944640
1273087882865946626
1273087883042267137
1273087883038150656
1273087883226701826
1273087883251986433
1273087883289792513
1273087883361112064
1273087883386261506
1273087883436580864
1273087883566387201
1273087883654631431
1273087884275449856
1273087884195590145
1273087884401283073
1273087884346552320
1273087884644552704
1273087884577423360
1273087884724035585
1273087884921237506
1273087884917198849
1273087885005258753
1273087884820508672
1273087885244116993
1273087885558845440
1273087885558689793
1273087885617410048
1273087885978112000
1273087885990821889
1273087886267764736
1273087886477402115
1273087886557143040
1273087886699704320
1273087886636642304
1273087886959816709
1273087887022710790
1273087886628446208
1273087887177920513
1273087887215661057
1273087887404404737
1273087887471337475
1273087888033550336
1273087888054521863
1273087888247398401
1273087888494739456
1273087888700452869
1273087889258065921
1273087889421762561
1273087889392439297
1273087889136586752
1273087889325219840
1273087889543290885
1273087889623011328
1273087890038427648
1273087890051010565
1273087890088701955
1273087890210209792
1273087890478829569
1273087890592063488
1273087890713718786
1273087890768052225
1273087890889887745
1273087891233783808
1273087891401371648
1273087891481092096
1273087891795701761
1273087891695165440
1273087891825061888
1273087891724476419
1273087891879723008
1273087892139671555
1273087892194242561
1273087892336922626
1273087892563218432
1273087892571684864
1273087891997102080
1273087892995272707
1273087893104361479
1273087893179977730
1273087893314166790
1273087893435752448
1273087893435584516
1273087893733597184
1273087893930721280
1273087893926342656
1273087893947506688
1273087893955907584
1273087894345957376
1273087894500999169
1273087894425489418
1273087894585049088
1273087894601764864
1273087895314800640
1273087895528706048
1273087895495041025
1273087895826464769
1273087895784443905
1273087895667126279
1273087895851675648
1273087896015134721
1273087896031858690
1273087896157933568
1273087896266911745
1273087896229220357
1273087896334094339
1273087896875081729
1273087896770224129
1273087896988168192
1273087897172881408
1273087897336512512
1273087897667809280
1273087897822953472
1273087897781100544
1273087898171162624
1273087898150027264
1273087898233888769
1273087898300997633
1273087898523443200
1273087898678591494
1273087898640883715
1273087898527490048
1273087898980618240
1273087899081179136
1273087899207184385
1273087899353956358
1273087899404288001
1273087899374809089
1273087899781791744
1273087900150710272
1273087900687781889
1273087900830367745
1273087901065068545
1273087901178499072
1273087901430153217
1273087901518254080
1273087901669240832
1273087901820006400
1273087901870575617
1273087902105337858
1273087902180728833
1273087902222778368
1273087902273228800
1273087902419910661
1273087902441000961
1273087902474547201
1273087902663225346
1273087902751158272
1273087902814109697
1273087902881402888
1273087902868819969
1273087903007035394
1273087903086731264
1273087903153913857
1273087903191744512
1273087903363747840
1273087903539752960
1273087903686692864
1273087903782940672
1273087903955116032
1273087904349220866
1273087904429072384
1273087904588447744
1273087904538144769
1273087904810745856
1273087905024692224
1273087905095917568
1273087905041461248
1273087904563122176
1273087905477640193
1273087905607462914
1273087905540591616
1273087905464909825
1273087905985187845
1273087906089926658
1273087906035499014
1273087906303733760
1273087906417123328
1273087906492690433
1273087906538614784
1273087906618339328
1273087907109224448
1273087907188752384
1273087907209846786
1273087907356643329
1273087907402788865
1273087907658698757
1273087907771842561
1273087907809517569
1273087907885199360
1273087908002447360
1273087907562090498
1273087908161912832
1273087908283473921
1273087908501651456
1273087908480798721
1273087908530909185
1273087909453795328
1273087909533487104
1273087910049312768
1273087910162522113
1273087910259167232
1273087910070423554
1273087910271688707
1273087910414188544
1273087910510841863
1273087910397403138
1273087910691119104
1273087911056080897
1273087911085240325
1273087911076995073
1273087911370518528
1273087911479652352
1273087911542566912
1273087911068610560
1273087911664201729
1273087911911731201
1273087912012201985
1273087912184291330
1273087912553390091
1273087912666632194
1273087912570208257
1273087912826077185
1273087912880594944
1273087912972742656
1273087913258102784
1273087913522352128
1273087913790779392
1273087913862008832
1273087914164006912
1273087914247958528
1273087914294026243
1273087914541531137
1273087914579128320
1273087914650619905
1273087914856103940
1273087914944065536
1273087915040661506
1273087914801430529
1273087915120197633
1273087915195858945
1273087915351060481
1273087915518767104
1273087915539795968
1273087915762036738
1273087915845914624
1273087916122742785
1273087916370092034
1273087916496035841
1273087916491673600
1273087916705710080
1273087916307288066
1273087916764540931
1273087917376843776
1273087917490085893
1273087917108445184
1273087918006026241
1273087918333100034
1273087918400208898
1273087918433845248
1273087918488162304
1273087918962126849
1273087918819758080
1273087918945558529
1273087919159304192
1273087919205560320
1273087919436083201
1273087919633334278
1273087919771627521
1273087919738109953
1273087919834660866
1273087920174399495
1273087920618958848
1273087920535146498
1273087920702984192
1273087920715386880
1273087920744861697
1273087920853995521
1273087921059442688
1273087920954580992
1273087921411837952
1273087921298345984
1273087921596190720
1273087921621352449
1273087921810214917
1273087921877368833
1273087921822842882
1273087921982189568
1273087922103820291
1273087922120593408
1273087922238087170
1273087922531532800
1273087922460385281
1273087923286573057
1273087923135508486
1273087923286654979
1273087923672567808
1273087923701919745
1273087923672346624
1273087923810795520
1273087923982757888
1273087924087767041
1273087924175863809
1273087924293206016
1273087924385480704
1273087924402176000
1273087924586680320
1273087924867944448
1273087925010305025
1273087924939128839
1273087925044027401
1273087925153128448
1273087925207654402
1273087925379641344
1273087925308309505
1273087925429780482
1273087925547339776
1273087925165666304
1273087925723561984
1273087925736046593
1273087926004572162
1273087926147178496
1273087926197510145
1273087926214299650
1273087926746972162
1273087926751113216
1273087926537240576
1273087927027994624
1273087926960865280
1273087927208357889
1273087927673737220
1273087927770365953
1273087927845822464
1273087927925575680
1273087928357576705
1273087928886005760
1273087929175302145
1273087929166987270
1273087929619890176
1273087929733255169
1273087929791868929
1273087929934544897
1273087929968140289
1273087930253410305
1273087930303754243
1273087930354085889
1273087930978861057
1273087931129802753
1273087931381542912
1273087930911920128
1273087931490676736
1273087931532685313
1273087931591294976
1273087931717124103
1273087931847081985
1273087931649937408
1273087931968901120
1273087931830296576
1273087932077797378
1273087932140867585
1273087932287639554
1273087932396691456
1273087932493168644
1273087932606427136
1273087932753158144
1273087932857905152
1273087932904075264
1273087933042614273
1273087933214580738
1273087933290106881
1273087933583630337
1273087933696708609
1273087933776637952
1273087933965389824
1273087934321868800
1273087934510641154
1273087934942633984
1273087934909071365
1273087935328292864
1273087935324327939
1273087935437570051
1273087935794028553
1273087935882166283
1273087935902932993
1273087935936524289
1273087936326557697
1273087936389689347
1273087936410640390
1273087936679030784
1273087937010216960
1273087937069092864
1273087937182220289
1273087937190588418
1273087937316454401
1273087937501110276
1273087937656356864
1273087937740107776
1273087937832501248
1273087938075770883
1273087938381918208
1273087938289700864
1273087938600058885
1273087938717499394
1273087938872643594
1273087939124137984
1273087939313053697
1273087939682217984
1273087939980021762
1273087940114042880
1273087940223209472
1273087940487348224
1273087940462292993
1273087939879321602
1273087940567031809
1273087940697231363
1273087940986576908
1273087941070512131
1273087941078683654
1273087941292617728
1273087941389234177
1273087941368328193
1273087941372293120
1273087941452103680
1273087941582127105
1273087941632421888
1273087941892440064
1273087941993267202
1273087942064553984
1273087942127505408
1273087942295052288
1273087942316220417
1273087942555324418
1273087942659985409
1273087942597267462
1273087942647480323
1273087942765023232
1273087942714589185
1273087942970376192
1273087942953664513
1273087942962094081
1273087942974636033
1273087943457083394
1273087943599517696
1273087943591297025
1273087943805030400
1273087943914196994
1273087944253833218
1273087944497258496
1273087944551813122
1273087944606257153
1273087944761507852
1273087945063501830
1273087944996225024
1273087945134739457
1273087945243836416
1273087945650700289
1273087945835249664
1273087945864609792
1273087946015608833
1273087946220953601
1273087946317594626
1273087946363744261
1273087946510397442
1273087946711678977
1273087946766168064
1273087947110219781
1273087947227705350
1273087947621847040
1273087947651325952
1273087948209127424
1273087948448321536
1273087948557352961
1273087948679008256
1273087948758622210
1273087948704055296
1273087949001887745
1273087948876120064
1273087949157158913
1273087949203288065
1273087949463150593
1273087949333303303
1273087949777719296
1273087949790420992
1273087949744160768
1273087949886849024
1273087949924696064
1273087949966659584
1273087950499336192
1273087950637731840
1273087950692253698
1273087950742568960
1273087950780280832
1273087950759362561
1273087950876667905
1273087951199764481
1273087951195508736
1273087951401033728
1273087951514173440
1273087951791161345
1273087951765942272
1273087952227311617
1273087952181174272
1273087952147505157
1273087952302878720
1273087952554508288
1273087952671969287
1273087952835481600
1273087952969764864
1273087953007329281
1273087952965402624
1273087953397600256
1273087953569492992
1273087953816834048
1273087953997348866
1273087954253037568
1273087953795837952
1273087954710335491
1273087954991362048
1273087955226308614
1273087955293270017
1273087955322589184
1273087955205324801
1273087955721166851
1273087955729412096
1273087955704221698
1273087956530561025
1273087956463554560
1273087956203393026
1273087956719263745
1273087957071585280
1273087957206007810
1273087957403041794
1273087957621108736
1273087957558333441
1273087957642158080
1273087957793214470
1273087957721731072
1273087957696745477
1273087958040449024
1273087958535467009
1273087958422179840
1273087958657183744
1273087959076462592
1273087959282053120
1273087959424798727
1273087959517073408
1273087959458353152
1273087959718334464
1273087959730925574
1273087959294791681
1273087959961604097
1273087960024412161
1273087960129421320
1273087960381034499
1273087960628572161
1273087960754221057
1273087961207386113
1273087961274314753
1273087961014439938
1273087961563791360
1273087961274429440
1273087961924612097
1273087962385747972
1273087962528518146
1273087962532548610
1273087962574655488
1273087961832267778
1273087962666930176
1273087963170254848
1273087963317055490
1273087963652489217
1273087963543396352
1273087963539390466
1273087963908448256
1273087963786645505
1273087963920908288
1273087964101242880
1273087963845611521
1273087964239757313
1273087964306948097
1273087964554371074
1273087964650881024
1273087964722212864
1273087964604760065
1273087964764127234
1273087964873134080
1273087965066072068
1273087965145808897
1273087965351145474
1273087965716152322
1273087965510729729
1273087966009835520
1273087966148063232
1273087966458626048
1273087966706118656
1273087966739644416
1273087966936784896
1273087966982868992
1273087966949314560
1273087967205175296
1273087967268081669
1273087967578353665
1273087967746314241
1273087967666593794
1273087967825809412
1273087968044089345
1273087968308273152
1273087968270573569
1273087966177562624
1273087968262135809
1273087968324931584
1273087968333443072
1273087968304001026
1273087968434024448
1273087968618713088
1273087968375439360
1273087967997853697
1273087968727584769
1273087968752873475
1273087968853573633
1273087969054691328
1273087969117843456
1273087969264414721
1273087969276997632
1273087969281355776
1273087969348419586
1273087969440792578
1273087969411371009
1273087968253579265
1273087969679691776
1273087967985205249
1273087969927274496
1273087970262822912
1273087970535288832
1273087970795491329
1273087971210731522
1273087971307200519
1273087971256725505
1273087971193958400
1273087971634405377
1273087969243488256
1273087971919638540
1273087962004238336
1273087969436381184
1273087971244347392
1273087959219093507
1273087960964050945
1273087970841522177
1273087961245143040
1273087968337711104
