1316861990124593152
1316864165944954880
1316875449071534082
1316875746338549774
1316876268877410304
1316876268705517570
1316876269112311808
1316876268609040384
1316876269082951680
1316876269196247040
1316876269473021952
1316876269405958144
1316876269485658112
1316876269431123968
1316876269703712768
1316876269586272256
1316876268860628992
1316876269691170817
1316876269821194242
1316876269980536832
1316876270278303744
1316876270257405952
1316876270450343937
1316876270454534144
1316876270504869888
1316876270513258501
1316876270588719104
1316876270618079232
1316876269682786304
1316876270760726529
1316876270743900162
1316876270982971394
1316876271230480384
1316876271394058240
1316876271406575617
1316876271465361408
1316876270873976833
1316876270542577664
1316876271624675328
1316876271670894592
1316876271922540546
1316876271922548736
1316876272056688640
1316876269842169856
1316876271268237313
1316876272379650048
1316876272371265536
1316876271167565824
1316876271557570560
1316876272392232960
1316876272874651648
1316876272417435648
1316876272857837568
1316876272996286465
1316876272966926336
1316876273109483520
1316876273000435712
1316876273080098817
1316876273411530752
1316876273411481602
1316876273621245952
1316876273457659905
1316876272056725506
1316876273616973826
1316876273155620870
1316876272279064576
1316876272459415552
1316876273767993344
1316876273763799040
1316876273671565312
1316876273906380800
1316876273738608640
1316876274317451265
1316876273927417857
1316876274472689664
1316876273868652547
1316876274606829568
1316876274153865217
1316876274946641922
1316876274908884992
1316876275240169472
1316876275168866304
1316876275361869824
1316876275449880576
1316876275508678658
1316876275668066304
1316876275592564736
1316876275194109952
1316876275550621696
1316876274380406784
1316876275886166016
1316876275592511488
1316876276381040640
1316876276443955201
1316876276641062913
1316876276993466369
1316876276997582848
1316876277547036672
1316876277794500608
1316876277995851777
1316876277945561088
1316876275454074881
1316876277106655232
1316876277790334978
1316876278406934530
1316876278243360768
1316876278784380928
1316876278658547712
1316876279040286720
1316876279107391488
1316876279270961157
1316876279283499009
1316876279539404800
1316876279979810817
1316876279811981313
1316876280172699649
1316876279669432321
1316876280298569728
1316876280202051584
1316876280483082240
1316876280277598208
1316876280638271488
1316876280990588928
1316876281196105728
1316876281271578626
1316876281279991809
1316876281342877701
1316876281267384321
1316876281452007424
1316876281389043712
1316876281783349250
1316876281938538496
1316876281787510785
1316876282093731840
1316876282215292928
1316876282408230913
1316876282592784384
1316876282588614656
1316876282769022977
1316876282529939456
1316876282794143748
1316876282953494528
1316876283167436800
1316876283179982848
1316876283087790080
1316876283595218944
1316876283607805952
1316876283842752512
1316876283926573057
1316876284014727169
1316876284299943937
1316876284987805697
1316876285176549381
1316876285214294016
1316876285331660800
1316876285331693570
1316876285474349056
1316876285532987392
1316876285805654016
1316876285885390849
1316876285830819841
1316876285881139201
1316876285927321600
1316876286095052800
1316876286199906304
1316876286376075265
1316876286527070209
1316876286556434432
1316876286598418432
1316876286921338882
1316876286992633856
1316876287156264960
1316876287261040641
1316876287386947584
1316876287323959297
1316876287365976067
1316876287764434944
1316876287600861184
1316876288095784960
1316876287701475329
1316876288246779905
1316876288431288320
1316876288498438144
1316876288506826753
1316876288737505280
1316876288787771392
1316876288880078849
1316876288854953984
1316876288972398593
1316876288871723009
1316876289077174272
1316876289270190080
1316876289345613825
1316876289089839107
1316876289354072064
1316876289463050240
1316876289429520386
1316876289815375872
1316876290092265472
1316876290654265345
1316876290683629569
1316876290973073410
1316876291119804416
1316876291098865664
1316876291258241024
1316876291375652865
1316876291434401793
1316876291342123008
1316876291635781632
1316876291501555712
1316876291811897344
1316876291916746752
1316876291866456064
1316876292164214786
1316876292256456705
1316876292168413184
1316876292411682816
1316876292390752257
1316876292814303232
1316876292613009409
1316876292990492673
1316876293300871171
1316876293087006720
1316876293523169280
1316876293477036032
1316876293619675136
1316876293749661697
1316876294177521664
1316876294315892736
1316876294416547840
1316876294441771008
1316876294542389248
1316876294638854144
1316876294865395714
1316876294836027392
1316876294835953664
1316876294999613441
1316876295167340545
1316876295209283585
1316876295012151297
1316876295444197379
1316876295163109376
1316876295607779328
1316876295909769216
1316876296077541376
1316876296132075520
1316876296241082369
1316876296329199616
1316876296446566400
1316876296643727361
1316876296740192257
1316876296828321792
1316876296870268929
1316876296886972416
1316876296933130240
1316876296996020225
1316876296937336832
1316876297180639232
1316876297755271168
1316876297889488896
1316876297973325825
1316876298090758144
1316876298287902720
1316876298300526593
1316876298506051584
1316876298132709376
1316876298715709440
1316876298904502272
1316876299084820481
1316876299202228225
1316876299290337280
1316876299294527488
1316876299349057536
1316876299340636161
1316876299034480640
1316876298896117760
1316876299802042368
1316876299844034561
1316876299852419074
1316876299940421632
1316876300062126080
1316876300569591810
1316876300590612481
1316876300791934976
1316876300829638657
1316876300959707137
1316876301161037824
1316876301299445761
1316876301395922944
1316876301454598145
1316876301425205248
1316876301488119813
1316876301534257152
1316876301618216962
1316876301676937216
1316876301634949121
1316876301760774144
1316876301962153984
1316876301920137218
1316876301865676801
1316876302217957377
1316876302368960513
1316876302545108992
1316876301911777283
1316876303199420416
1316876304122175488
1316876303979540481
1316876304336080897
1316876304705187842
1316876304885534722
1316876304893972481
1316876305086914560
1316876305325940736
1316876305305014272
1316876305397280768
1316876305430790145
1316876305669877760
1316876305795747841
1316876305678266369
1316876305535655936
1316876306135445506
1316876306227712000
1316876306420621312
1316876306479419393
1316876306521284611
1316876306764591104
1316876306957561856
1316876307024625664
1316876307200761856
1316876307427332096
1316876307502821376
1316876307741859840
1316876307821522944
1316876307964194816
1316876308089987073
1316876308085833728
1316876308001878016
1316876308266151938
1316876308446494720
1316876308454887424
1316876308534583297
1316876308530384896
1316876308723363846
1316876308886872064
1316876308840734720
1316876309008576513
1316876309033750528
1316876309268590592
1316876309230837760
1316876309247660034
1316876309386022912
1316876309323108352
1316876309587398658
1316876309511905280
1316876309616717825
1316876309595779072
1316876309750976512
1316876309771898881
1316876309407043584
1316876309885120513
1316876309868376064
1316876310078136320
1316876310182993920
1316876310220664832
1316876310241636352
1316876310279458818
1316876309784453120
1316876310367490049
1316876310346514433
1316876310623342592
1316876310732369920
1316876310241705984
1316876310937964544
1316876310984056832
1316876311139282945
1316876311323762690
1316876311562907649
1316876311491567619
1316876311525122049
1316876311445467137
1316876311797800961
1316876311848054784
1316876312225619968
1316876312573747200
1316876312745664513
1316876312665968640
1316876312913408001
1316876312917680128
1316876313139978240
1316876313433571328
1316876313248948225
1316876313353809921
1316876313509023746
1316876313660026881
1316876313580322823
1316876313961979904
1316876314347859968
1316876314486267904
1316876314326921217
1316876314754740224
1316876314687664128
1316876314821885954
1316876315056730113
1316876314779947008
1316876315505553408
1316876315639771141
1316876315690106882
1316876315824324608
1316876315803308032
1316876315727863808
1316876315979513856
1316876315996217344
1316876316050821122
1316876316331843584
1316876316302438400
1316876316281507840
1316876316424110081
1316876316608610304
1316876316776427522
1316876317011320832
1316876317107740674
1316876317258727424
1316876317409767429
1316876317380366337
1316876317283905536
1316876317653049344
1316876317476884480
1316876317921472512
1316876317883691009
1316876318089207810
1316876318068273152
1316876318181474304
1316876318319894528
1316876318185721856
1316876318466736128
1316876318454149121
1316876318592516096
1316876318684798976
1316876318714159104
1316876318668013568
1316876318445694976
1316876318793887744
1316876319045480448
1316876319515320320
1316876319628521472
1316876319641149441
1316876319863447552
1316876319972442112
1316876319980883969
1316876319876026368
1316876320161193985
1316876320299577344
1316876320429670400
1316876320379269120
1316876320412819457
1316876320593174529
1316876320727429120
1316876320865804290
1316876321184608256
1316876321037807616
1316876321092300800
1316876321650221056
1316876321704693760
1316876322149294080
1316876322199617538
1316876322396807170
1316876322413584384
1316876322661036033
1316876322870710272
1316876322853986305
1316876323130765318
1316876323273371648
1316876323311161345
1316876323227201537
1316876322463903744
1316876323579523075
1316876323684450304
1316876323730587648
1316876323772456962
1316876323860619265
1316876324204470272
1316876323961274368
1316876324632371200
1316876324707868672
1316876324812722176
1316876324720447488
1316876325026586631
1316876324921720836
1316876325064384512
1316876325139881984
1316876325072728065
1316876325253120000
1316876325244686337
1316876325332770817
1316876325328580608
1316876325508935681
1316876325496315904
1316876325521485826
1316876326318432257
1316876326695886850
1316876326746255360
1316876327257923584
1316876327371247616
1316876327547400192
1316876327618715651
1316876327778095104
1316876327845163008
1316876328231084033
1316876328189132800
1316876328272973825
1316876328507830272
1316876328566546432
1316876328851832832
1316876328876929025
1316876328876998656
1316876328990175234
1316876329078333440
1316876329275416576
1316876329325797376
1316876329397043200
1316876329661296641
1316876329787166721
1316876329854230528
1316876329925505024
1316876329921306624
1316876330034622466
1316876329938120704
1316876330034630656
1316876330156261376
1316876330252734465
1316876330332426241
1316876330399531008
1316876330592423936
1316876330605051904
1316876330718253056
1316876330621755393
1316876330764361728
1316876330789605376
1316876331229933568
1316876331397779462
1316876331297042433
1316876331427094528
1316876331544506369
1316876331490013189
1316876331691372544
1316876331527794691
1316876331724881920
1316876331703918593
1316876331695534081
1316876331825524736
1316876331980713984
1316876332077260800
1316876332358270976
1316876332525998080
1316876332660219904
1316876332807069696
1316876333067104256
1316876332991541249
1316876333541015552
1316876333536825345
1316876333863952384
1316876333771702272
1316876334123999234
1316876334270799873
1316876334317006848
1316876334216310784
1316876334455431168
1316876334618996736
1316876334589648896
1316876334690304000
1316876334765760512
1316876335013224449
1316876335021613058
1316876335097147392
1316876335248072704
1316876335294279680
1316876335432650753
1316876335487176704
1316876335361355777
1316876335382315009
1316876335583649792
1316876335545896960
1316876335667503104
1316876335273267201
1316876335847936001
1316876335977885697
1316876336019861504
1316876336183472128
1316876336187674626
1316876336514756609
1316876336556732416
1316876336623833088
1316876336682549248
1316876337051652096
1316876337122963456
1316876337232003073
1316876337332715520
1316876337542385664
1316876337659822080
1316876337672384513
1316876337848614912
1316876337856954369
1316876337907331072
1316876337924067328
1316876337986977792
1316876337991217152
1316876338221903872
1316876338398019584
1316876338406457344
1316876338645540864
1316876338658078722
1316876339023028224
1316876339073277952
1316876339291414528
1316876339438264321
1316876339538923525
1316876339635384325
1316876339639578624
1316876339773808640
1316876340033773568
1316876340298084352
1316876340482646016
1316876340755275776
1316876340834885633
1316876340918841347
1316876340956545029
1316876341011046400
1316876341099130880
1316876342248448001
1316876342621732864
1316876342592380928
1316876342764339200
1316876342940504064
1316876342953086976
1316876343011758081
1316876343032729600
1316876343015997440
1316876343204667392
1316876343536050176
1316876343745802240
1316876343838076928
1316876343879979009
1316876343993266176
1316876344140034049
1316876344303599617
1316876344177770496
1316876344433672192
1316876344639156224
1316876344647585792
1316876344836255745
1316876344832094209
1316876344890806274
1316876344978890753
1316876345004056576
1316876345238974471
1316876345612279808
1316876345746419712
1316876345998077952
1316876346098810881
1316876346363006976
1316876346333696000
1316876346224590849
1316876346765668352
1316876346807611392
1316876346786603008
1316876346576924672
1316876347076091904
1316876347256397826
1316876347252244480
1316876348044931072
1316876347923288064
1316876348053282816
1316876348309213184
1316876348405628928
1316876348481101824
1316876348573409280
1316876348678307840
1316876348732784640
1316876348955136001
1316876349009588225
1316876349093543938
1316876349072502785
1316876349169004544
1316876349227720706
1316876349412274176
1316876350020411397
1316876350108573696
1316876350263762944
1316876350439866368
1316876350616027136
1316876350624423936
1316876350741864448
1316876350725054464
1316876350821597185
1316876351282978816
1316876351110934528
1316876351366864896
1316876351446544384
1316876351366782976
1316876351341699072
1316876351626907649
1316876351652032512
1316876351828160512
1316876351886913536
1316876351987544064
1316876352096665602
1316876352142753793
1316876352344137728
1316876352407003141
1316876352511905792
1316876352688025600
1316876352679669760
1316876352813899776
1316876352797065216
1316876352851603456
1316876352981622784
1316876352998400000
1316876352985784320
1316876353543651328
1316876353715593216
1316876353661067265
1316876353971470338
1316876353925341184
1316876353950507014
1316876353963130880
1316876354252492800
1316876354453864449
1316876354743222272
1316876355049381889
1316876355120689152
1316876355217186816
1316876355254976512
1316876355535998976
1316876355812814849
1316876356072861696
1316876355808587777
1316876356249026562
1316876356194508802
1316876356425187329
1316876356588761088
1316876356559413248
1316876356630659073
1316876356706168835
1316876357171781633
1316876357343690752
1316876357624754177
1316876357633150976
1316876357628948482
1316876358283227137
1316876358354526208
1316876358442647553
1316876358513958912
1316876358564241408
1316876358627147776
1316876358685843456
1316876358727790592
1316876358715207681
1316876358845304833
1316876358920806400
1316876358924992513
1316876359033999360
1316876359109537792
1316876359189229569
1316876359583494144
1316876359919005696
1316876359923191808
1316876359818375168
1316876360091009027
1316876360162320384
1316876360325898243
1316876360531369986
1316876360753672193
1316876360749469698
1316876360757866496
1316876360766242817
1316876360841793536
1316876360673968128
1316876360950792192
1316876360904667137
1316876360791408640
1316876361261178880
1316876361416359936
1316876361579913218
1316876361760337920
1316876362024591360
1316876362309722112
1316876362481692672
1316876362477568002
1316876362456555520
1316876362662121473
1316876362762706944
1316876362758537216
1316876362905387008
1316876362913779713
1316876362997587970
1316876363094134784
1316876363173785605
1316876363291217920
1316876363438018563
1316876363706458113
1316876363840647168
1316876364176261120
1316876364339843072
1316876364427882499
1316876364390133762
1316876364545363968
1316876364608278528
1316876364662804480
1316876364629241860
1316876364914462720
1316876365010882562
1316876365099012096
1316876365036089346
1316876365212184577
1316876365317066752
1316876365304492032
1316876365681942528
1316876365774295041
1316876365774295040
1316876366097215488
1316876366168559616
1316876366332133376
1316876366487322624
1316876366516686849
1316876366692802561
1316876366831218688
1316876366864769024
1316876367183503360
1316876367351308289
1316876367502352384
1316876367842033664
1316876367917531136
1316876367825313793
1316876368102137856
1316876368378961921
1316876368735424515
1316876368974553089
1316876369037459457
1316876369490452480
1316876369536589829
1316876369595310080
1316876369649782784
1316876369800822784
1316876369163218945
1316876369955971072
1316876370283130880
1316876370757128192
1316876370803261440
1316876370958376960
1316876370895540224
1316876371222622210
1316876371356868608
1316876371436527617
1316876371583410178
1316876371440795655
1316876371679866882
1316876371885346816
1316876371851796480
1316876371847573504
1316876371893735425
1316876371830792197
1316876371910516736
1316876371931533312
1316876371889545217
1316876372170612742
1316876372208357376
1316876372120227841
1316876372149587968
1316876372589993984
1316876372682313729
1316876372652908546
1316876372866859011
1316876373005230080
1316876373034594305
1316876373294637057
1316876373290483715
1316876373567303681
1316876373793796097
1316876374112563200
1316876374229958657
1316876374427070466
1316876374506831873
1316876374544510976
1316876375005949962
1316876375345651712
1316876375303704576
1316876375387639808
1316876375446282242
1316876375475679232
1316876375425347584
1316876375437926401
1316876375614054402
1316876375886684160
1316876375937048576
1316876376058728448
1316876376025096193
1316876376272564224
1316876376234835968
1316876376520052738
1316876376557842432
1316876376662634497
1316876376859766785
1316876377107255296
1316876377182728192
1316876377308585985
1316876377358954496
1316876377388314625
1316876377384083457
1316876377979719681
1316876378030002176
1316876378176774145
1316876378478792704
1316876378575314951
1316876378608861184
1316876378734641153
1316876378726260736
1316876378998861825
1316876379158265856
1316876379137339394
1316876379309236225
1316876379376373761
1316876379531571201
1316876379565113344
1316876379623833600
1316876379821010946
1316876380290785280
1316876380269756417
1316876380286545920
1316876380395593729
1316876380617936897
1316876380710170624
1316876380777246720
1316876380835962880
1316876380961869824
1316876380949245954
1316876381154807808
1316876381410656257
1316876381486116864
1316876381544804352
1316876381670699008
1316876381695827968
1316876381720961024
1316876381809041408
1316876381863604225
1316876381888806912
1316876382027149312
1316876382232743936
1316876382350139394
1316876382522105856
1316876382614351873
1316876382710886400
1316876383017005056
1316876383113539584
1316876383323209728
1316876383327408128
1316876383453245440
1316876383616786432
1316876383675506689
1316876383709143042
1316876383809806336
1316876383654612992
1316876384048832512
1316876384082354176
1316876384153735169
1316876384183021568
1316876384308916225
1316876384296337411
1316876384485089281
1316876384975740928
1316876385319755776
1316876385600770048
1316876385604956160
1316876385793667072
1316876385940430853
1316876386112475139
1316876386112471041
1316876386057875456
1316876386263392259
1316876386271780864
1316876386255073280
1316876386859012096
1316876386917736451
1316876386959720449
1316876387194527744
1316876387202920448
1316876387395928064
1316876387358134272
1316876387576287233
1316876387563708418
1316876387588820993
1316876387580473345
1316876387689455616
1316876387760787457
1316876387832086528
1316876387978944512
1316876387957895168
1316876388058587137
1316876388083748864
1316876388339609600
1316876388440305665
1316876388733919233
1316876389333659648
1316876389568585728
1316876389937602560
1316876389954379776
1316876389958602754
1316876390147317762
1316876390201921536
1316876390306738177
1316876390378074112
1316876390533275648
1316876390549970946
1316876390692577280
1316876390885543936
1316876390940045312
1316876390952697858
1316876391221084160
1316876391237869568
1316876391271415809
1316876391481184256
1316876391615397888
1316876391892152321
1316876392148082688
1316876392378716160
1316876392458412032
1316876392525488131
1316876392592666626
1316876392714231809
1316876392890425346
1316876393058189312
1316876393150468096
1316876392949141504
1316876393133690880
1316876393284739073
1316876393234350080
1316876393372766208
1316876393368567808
1316876393381195777
1316876393725132801
1316876393792237568
1316876393800589312
1316876393972596736
1316876394089967617
1316876394199097345
1316876394282938368
1316876394631028736
1316876394983428096
1316876395075694592
1316876395146960896
1316876395125993472
1316876395130150913
1316876395243474944
1316876395201490944
1316876395335749633
1316876395625152512
1316876395734130688
1316876395767689217
1316876395855794176
1316876396275195907
1316876396216512512
1316876396166213632
1316876396245860352
1316876396229058560
1316876396388524033
1316876396422078464
1316876396438806528
1316876396417826816
1316876396619198465
1316876396279418880
1316876396812095488
1316876396719874048
1316876396925386753
1316876397009199106
1316876397101473793
1316876397365784576
1316876397399351297
1316876397483192321
1316876397646811137
1316876397952921601
1316876397982347267
1316876397936144384
1316876398158520320
1316876398183632897
1316876398254936064
1316876398334623745
1316876398347218945
1316876397906817025
1316876398615646209
1316876398712115200
1316876398938607617
1316876399085379584
1316876399219679232
1316876399177658368
1316876399420928000
1316876399521611778
1316876399630667776
1316876399748079616
1316876399810998272
1316876399819464704
1316876400243011585
1316876400113057793
1316876400385683458
1316876400779948032
1316876401119698947
1316876401253912576
1316876401413222400
1316876401471942656
1316876401786515456
1316876401945968640
1316876402071797760
1316876402143109123
1316876402285666304
1316876402390568960
1316876402554138624
1316876402537324549
1316876402570878976
1316876402545709059
1316876402826723328
1316876402763784193
1316876402914783232
1316876402763862016
1316876402893840385
1316876402990280704
1316876403002884096
1316876403158081536
1316876403250348032
1316876403439104001
1316876403430752257
1316876403535564801
1316876403707506689
1316876403757834240
1316876404139593730
1316876404252762112
1316876404336680960
1316876404416368640
1316876404609302528
1316876404626079746
1316876404697432065
1316876404743569408
1316876404957474816
1316876405481697282
1316876405565661185
1316876405787951105
1316876405825695745
1316876405917933569
1316876406010253312
1316876405955727360
1316876406345789441
1316876406576439297
1316876406593261568
1316876406639403008
1316876406790397953
1316876406903635968
1316876406995869698
1316876407100772353
1316876407289511938
1316876407398572032
1316876407704752129
1316876407721451520
1316876407838961664
1316876407536979970
1316876407981522945
1316876408157696002
1316876408224804864
1316876408338092032
1316876408354828291
1316876408480657408
1316876408501669888
1316876408530989056
1316876408648392704
1316876408698724352
1316876408753254400
1316876408853913601
1316876408879108096
1316876409004912641
1316876409025912833
1316876409311174657
1316876409327951872
1316876409579565056
1316876409604698112
1316876409558630401
1316876409902514176
1316876409894174721
1316876409940312064
1316876410284199936
1316876410594549760
1316876410611363840
1316876410632323073
1316876410653339656
1316876410632380421
1316876410787561473
1316876410745544705
1316876411009859585
1316876410917588992
1316876411039145985
1316876411030794240
1316876411202756609
1316876411198599168
1316876411257327616
1316876411613802496
1316876411739619328
1316876412150710273
1316876412142329856
1316876412024889344
1316876412461039617
1316876412570144769
1316876412612014080
1316876412805021696
1316876412884713472
1316876412901441536
1316876413023129600
1316876412955979777
1316876413014691840
1316876412951773184
1316876413601902598
1316876413723570176
1316876413610278912
1316876413845164032
1316876413635497985
1316876414314901504
1316876414394658819
1316876414365298688
1316876414499516416
1316876414650478593
1316876414763720704
1316876415078338561
1316876415137005568
1316876415233454081
1316876415229329408
1316876415220944897
1316876415338389504
1316876415346700289
1316876415518732288
1316876415766126592
1316876415912964096
1316876415975878656
1316876416072335362
1316876416093310976
1316876416185634816
1316876416462458880
1316876416642764801
1316876416751820800
1316876416789561344
1316876416810582016
1316876416982499328
1316876417141932034
1316876417221627905
1316876417326485504
1316876417401905152
1316876417364160513
1316876417515188224
1316876417666220032
1316876417695588352
1316876417687146498
1316876417800400897
1316876418081464320
1316876417724899328
1316876418064605186
1316876418211479552
1316876418341433344
1316876418370871296
1316876418668613632
1316876418668666881
1316876418685399040
1316876418819584001
1316876418752503808
1316876418970648576
1316876419151003649
1316876419306151936
1316876419360722945
1316876419431976961
1316876419662635010
1316876419864035328
1316876420220551168
1316876420509917184
1316876420526698496
1316876420757422081
1316876420807704577
1316876420883247104
1316876421000642560
1316876421424312321
1316876421298417664
1316876421763985410
1316876421814382592
1316876421818580992
1316876421831114754
1316876421743046657
1316876422040838144
1316876422116384769
1316876422183481344
1316876422284144640
1316876422334435329
1316876422388969473
1316876422468648961
1316876422644858881
1316876423164915712
1316876423169150981
1316876423345238018
1316876423336873985
1316876423466938368
1316876423521476609
1316876423710167041
1316876423726940160
1316876423819194374
1316876424200945664
1316876424217677826
1316876424490303490
1316876424481927168
1316876424410664960
1316876424716840960
1316876424867770368
1316876425144668160
1316876425220169729
1316876425249472512
1316876425740251136
1316876426071560192
1316876425916366850
1316876426113499136
1316876426147065856
1316876426197434369
1316876426134474753
1316876426423857153
1316876426503614464
1316876427204026368
1316876427254353920
1316876427191410688
1316876427233390593
1316876427313045504
1316876427304734727
1316876427350822912
1316876427342479361
1316876427527024641
1316876427543814145
1316876427640283137
1316876427648622592
1316876428084801537
1316876428051243008
1316876427992522752
1316876428219039745
1316876428202262529
1316876428462366720
1316876428525232129
1316876428588187648
1316876429024321536
1316876428932128769
1316876429255045120
1316876429267623936
1316876429263433728
1316876429225717760
1316876429519319040
1316876429603172352
1316876429615755269
1316876429682900993
1316876429741629440
1316876429884223488
1316876429804490752
1316876429921902593
1316876429955485696
1316876430119116801
1316876430219780096
1316876430370729984
1316876430475624448
1316876430458843137
1316876430429483008
1316876430752456705
1316876431121477634
1316876431268278272
1316876431381553153
1316876431377395713
1316876431679315970
1316876431754813440
1316876431960416258
1316876432186900481
1316876432455294976
1316876432480460800
1316876432539230208
1316876432593756160
1316876432652472321
1316876432887357441
1316876432895696896
1316876432799223808
1316876432946028544
1316876433159987201
1316876433281572865
1316876433310932992
1316876433638088705
1316876433701007360
1316876433889738752
1316876433952632832
1316876434456023040
1316876434455969792
1316876434485379072
1316876434602815489
1316876434808303616
1316876434791489540
1316876434619559936
1316876434900611073
1316876434904760320
1316876434682511360
1316876435143880704
1316876435227779073
1316876435466772480
1316876435743621126
1316876435793956864
1316876435949150208
1316876436062367744
1316876436569874434
1316876436611899392
1316876436880326657
1316876436959981568
1316876437043863553
1316876437064884224
1316876437203247106
1316876437224267777
1316876437459103744
1316876437475880960
1316876437693976577
1316876437672976385
1316876437710725120
1316876438063116288
1316876438042103808
1316876438222454786
1316876438281175041
1316876438272843776
1316876438285377536
1316876438394396675
1316876438369304577
1316876438478360578
1316876438566387714
1316876438742528000
1316876438792880128
1316876438788661249
1316876438885163008
1316876438897786880
1316876439027761152
1316876439031930881
1316876439048708097
1316876439128477696
1316876439145246720
1316876439392714752
1316876439359119360
1316876439522697216
1316876439552028673
1316876439669489664
1316876439833112576
1316876439971532800
1316876440625848320
1316876440801964032
1316876441116569600
1316876441154281472
1316876441330434048
1316876441343029249
1316876441309474816
1316876441267494917
1316876441410138112
1316876441611431937
1316876441603108866
1316876441745649665
1316876441988997120
1316876442341269505
1316876442534174720
1316876442639101952
1316876442802634752
1316876443150741505
1316876443377233921
1316876443402428416
1316876443490557952
1316876443528249344
1316876443905736706
1316876443943542785
1316876444002185216
1316876444149018632
1316876444111269889
1316876444157448192
1316876444245450752
1316876444232904705
1316876444362924032
1316876444463636480
1316876444568489984
1316876444631408641
1316876444685889537
1316876444623011841
1316876444937515008
1316876444937580544
1316876445151453186
1316876445151424514
1316876445583433728
1316876445738622976
1316876445767987200
1316876445797343237
1316876445789028353
1316876445919055872
1316876445973573633
1316876446149664768
1316876446145552384
1316876446044876800
1316876446170640384
1316876446237773824
1316876446225190912
1316876446455877632
1316876447059861504
1316876447248654336
1316876447194128387
1316876447227674624
1316876447303135232
1316876447512813568
1316876447470944256
1316876447387009024
1316876447500308481
1316876447663845376
1316876447756152833
1316876447839997952
1316876447932321792
1316876448053948416
1316876448251039746
1316876448246886402
1316876448301424640
1316876448708214785
1316876448745971712
1316876448993439744
1316876448892764160
1316876449249288195
1316876449358389249
1316876449379356672
1316876449526104065
1316876449530302464
1316876449777807360
1316876449937199104
1316876449945534464
1316876450180472832
1316876450264301568
1316876450700566530
1316876450771824640
1316876450918662145
1316876451048693761
1316876451484848128
1316876451648479232
1316876451593940995
1316876451988209664
1316876451841368064
1316876452076220416
1316876452143353856
1316876452185268225
1316876452298584064
1316876452441145344
1316876452659302401
1316876452772540416
1316876452801855488
1316876452755771393
1316876453028360192
1316876453074460672
1316876453112233984
1316876453292589056
1316876453376528387
1316876453552644096
1316876453271662593
1316876453762359296
1316876454257324032
1316876454504800256
1316876454756446210
1316876454823567360
1316876454873890817
1316876454991331328
1316876455725293573
1316876455737868288
1316876455758848000
1316876455863746560
1316876455989526528
1316876455960174593
1316876455997890560
1316876456199294977
1316876456476041216
1316876456685838337
1316876457054883842
1316876457394675712
1316876457201659904
1316876457344344066
1316876457386237952
1316876457444995072
1316876457637937153
1316876457616969728
1316876457872826369
1316876457935695872
1316876458162225153
1316876458103455744
1316876458329993216
1316876458476756992
1316876458451587072
1316876458577416192
1316876458757812225
1316876458829082625
1316876458980069377
1316876458959147009
1316876459160395778
1316876459240116224
1316876459189829632
1316876459428864001
1316876459588239360
1316876459504402432
1316876459793817600
1316876459873460225
1316876460167053312
1316876460175417344
1316876460250988544
1316876460435464192
1316876460431347712
1316876460531933185
1316876460611702784
1316876460930469888
1316876460993343488
1316876460863352833
1316876460926271489
1316876460867477504
1316876461249196033
1316876461228261378
1316876461345697793
1316876461320540161
1316876461555412993
1316876461681246209
1316876461773529088
1316876461643505665
1316876461823778816
1316876461807026177
1316876461987430400
1316876462029332482
1316876462415204357
1316876462712975360
1316876462633353216
1316876462729781248
1316876462859771905
1316876463031816192
1316876462998257664
1316876462964662274
1316876463161794560
1316876463228899328
1316876463455436800
1316876463824461826
1316876463858049025
1316876463832883200
1316876463841316865
1316876463887450112
1316876463866408960
1316876464076120064
1316876464118095872
1316876464394887169
1316876464520753153
1316876464562692096
1316876464478842880
1316876464575279104
1316876464692760577
1316876464768258049
1316876465191886853
1316876465531543553
1316876465556709378
1316876465825144833
1316876465821028352
1316876465787473921
1316876466131406848
1316876466127159296
1316876466223636481
1316876466320146433
1316876466466955264
1316876466571767809
1316876466836045826
1316876466966069248
1316876467129577472
1316876467230265345
1316876467507089409
1316876467528056832
1316876467679100928
1316876467746217984
1316876467976896515
1316876468035620864
1316876468136280064
1316876468312436736
1316876468362768386
1316876468434006016
1316876468463386629
1316876468404645888
1316876468480143360
1316876468475969538
1316876468702519296
1316876468962488321
1316876469067423745
1316876469008650241
1316876469281320960
1316876469444857856
1316876469650382849
1316876470162059265
1316876470233362432
1316876470245941248
1316876470317268992
1316876470963245056
1316876470879281152
1316876471151980544
1316876471240015872
1316876471122620421
1316876471206473728
1316876471344930816
1316876471265193984
1316876471428767744
1316876472015966208
1316876472318009345
1316876472452227073
1316876472783519744
1316876472926134273
1316876473072930816
1316876473010057216
1316876473387474944
1316876473601413120
1316876473999876096
1316876474134097926
1316876474066989056
1316876474347970560
1316876474532524033
1316876474490613761
1316876474666770438
1316876475434299392
1316876475346284544
1316876475694374916
1316876475811864576
1316876475899891713
1316876475845369857
1316876476231237632
1316876476340342785
1316876476390596608
1316876476713562112
1316876476755525632
1316876476919107585
1316876476973633536
1316876477531529216
1316876477871267840
1316876477900623872
1316876478080901120
1316876478185840641
1316876478303199232
1316876478538149888
1316876478370390016
1316876478605262849
1316876478731096064
1316876478760407041
1316876478789742592
1316876478844268544
1316876478974291968
1316876478915592192
1316876479095992320
1316876479192461312
1316876479360241664
1316876479423102977
1316876479431471104
1316876479490256896
1316876480048103425
1316876480001929216
1316876480111013888
1316876480140337153
1316876480178130944
1316876480236855296
1316876480333324288
1316876480429780993
1316876480429748224
1316876480828207104
1316876480861802496
1316876480991817729
1316876481604145152
1316876481545400320
1316876481562202112
1316876481709051913
1316876481750945792
1316876481843191809
1316876482329808897
1316876482346508288
1316876482354933760
1316876482283622400
1316876482199785472
1316876482417815553
1316876482430398464
1316876482455642112
1316876482552098817
1316876482673688577
1316876482984079362
1316876483177013248
1316876483399311360
1316876483936223237
1316876483952959490
1316876484133318656
1316876484326256641
